processed/ole/sunshine_jan_2015.asc
NCOLS 654
NROWS 866
XLLCORNER 3280414.711633467
YLLCORNER 5237500.62890625
CELLSIZE 1000
NODATA_VALUE -999
[rows 795 to 847 of 866, columns 384 to 479 of 654]
66 66 65 65 64 64 64 64 64 64 66 68 68 69 68 64 63 63 64 62 62 62 62 62 64 64 63 64 63 63 61 61 62 61 60 60 59 60 59 59 59 59 59 59 59 59 56 56 56 55 55 55 54 54 54 55 55 55 56 57 57 57 57 57 57 57 57 57 57 56 58 58 58 58 56 56 55 55 56 56 56 57 56 56 56 55 54 53 52 53 53 51 50 50 50 50
65 66 65 65 64 64 64 64 64 64 67 67 69 69 68 63 63 64 64 62 62 62 62 64 65 64 63 62 62 63 62 61 61 61 60 60 60 60 59 59 59 59 59 58 58 59 59 58 57 59 58 56 54 54 54 55 55 55 56 56 57 57 56 57 57 57 57 57 57 57 56 57 57 58 57 55 55 55 55 55 54 56 55 56 56 56 54 54 52 53 52 51 50 50 51 51
66 66 65 65 64 64 64 64 64 64 66 67 69 68 68 63 63 63 64 62 62 62 62 63 65 64 63 63 62 63 62 62 61 61 61 60 60 60 60 59 60 59 60 59 59 59 59 59 59 59 57 57 59 57 56 56 55 55 55 56 56 56 57 57 57 57 57 57 57 57 56 56 57 56 56 55 55 55 56 56 56 56 56 56 56 55 54 53 52 52 53 51 50 52 52 52
66 65 65 65 64 65 64 64 64 64 66 67 67 68 67 66 63 63 63 63 63 62 62 62 62 64 63 64 62 62 63 61 62 60 61 61 60 60 60 60 60 60 61 62 62 57 59 60 59 59 59 57 59 59 59 58 57 55 56 56 55 56 56 56 56 57 57 57 57 57 56 56 55 56 56 56 56 56 55 57 57 56 57 57 55 55 55 53 53 52 53 52 52 52 52 52
65 65 64 65 65 65 65 64 64 64 64 64 66 66 67 66 63 64 64 63 62 62 62 62 62 64 63 61 60 61 61 62 62 61 61 61 61 61 60 60 60 62 63 60 59 60 57 60 60 61 60 57 59 60 60 59 57 56 56 56 55 55 56 56 56 56 56 56 56 55 55 55 56 56 56 56 55 56 57 58 58 57 57 56 55 56 56 53 53 53 53 52 52 52 52 52
66 66 65 65 65 65 65 64 64 64 64 64 66 67 65 63 62 63 62 62 62 62 61 62 61 62 63 60 62 62 62 63 62 61 63 62 61 61 61 61 62 65 65 65 62 60 58 60 60 62 60 60 59 60 62 61 57 57 56 56 55 55 55 56 56 56 56 56 56 56 55 55 55 56 55 56 55 56 58 57 56 56 57 56 56 56 57 54 53 53 52 52 52 52 52 54
65 65 64 65 65 65 63 64 64 64 63 64 66 65 66 66 64 62 62 62 62 62 61 62 62 61 62 62 61 62 63 64 62 61 61 62 62 61 61 62 63 60 62 60 61 60 58 60 60 62 61 58 59 58 59 60 60 56 55 56 55 55 55 55 56 56 55 56 56 56 54 55 55 55 55 55 55 57 57 56 56 57 56 56 57 56 56 54 53 53 53 52 52 52 52 52
64 65 64 65 64 64 63 63 63 63 63 63 64 66 66 64 62 62 62 62 62 61 62 63 61 61 61 61 62 61 63 62 61 61 62 62 62 62 62 61 61 62 61 61 60 60 59 60 60 61 60 59 59 59 60 59 59 56 55 55 54 55 55 55 55 55 55 55 55 55 54 54 55 55 55 56 57 56 57 58 56 57 56 56 56 55 56 56 54 54 55 52 52 52 52 52
63 63 65 64 63 63 64 62 62 62 63 62 62 64 63 62 61 62 62 61 61 62 62 61 61 61 61 60 62 62 61 61 61 61 61 61 62 62 62 62 62 62 62 61 61 58 60 58 59 60 60 59 59 60 59 60 59 57 55 55 54 54 54 54 54 54 55 54 54 54 55 54 54 54 55 54 56 56 56 57 58 59 59 57 55 55 57 61 62 58 59 60 56 52 52 51
63 63 64 64 64 64 62 62 62 62 62 62 63 62 62 62 62 62 61 61 61 63 62 61 62 61 60 60 62 62 61 61 62 62 61 61 62 62 62 62 62 62 62 62 62 61 62 59 59 60 62 61 59 59 60 60 60 57 56 55 54 54 54 54 54 54 54 54 54 54 54 54 54 55 58 59 61 59 58 59 61 64 69 60 55 57 61 63 65 63 63 66 65 52 52 51
62 62 63 63 64 63 61 62 62 62 62 62 62 62 63 62 62 61 61 61 63 62 61 61 61 62 60 63 62 62 61 61 62 61 61 61 62 62 62 62 62 62 62 62 61 61 61 59 60 61 60 59 60 61 62 64 63 62 61 57 55 55 54 54 54 54 54 54 54 54 54 54 57 58 63 63 59 58 60 63 67 67 65 60 55 57 61 65 65 65 67 69 61 53 52 51
61 62 63 63 63 62 62 61 61 61 61 62 61 61 61 61 61 62 60 60 62 61 61 61 60 61 61 61 61 61 61 61 61 61 60 61 62 62 62 62 62 62 61 61 62 62 62 60 60 64 61 62 60 61 62 62 63 65 65 63 55 54 54 54 53 53 53 53 53 53 53 53 56 63 61 58 59 59 61 65 67 75 66 65 55 57 67 69 75 78 72 71 69 54 52 51
60 62 62 62 62 63 62 60 60 60 61 61 61 62 61 61 60 60 60 60 60 60 60 61 62 62 61 60 61 61 61 60 60 60 61 61 62 62 62 62 62 62 61 62 62 63 60 60 64 66 62 62 62 59 61 61 62 65 65 60 58 56 55 54 56 53 53 53 53 53 53 54 56 58 59 56 58 62 68 69 79 74 72 63 57 70 73 80 78 72 74 59 57 53 52 52
61 61 62 61 61 61 61 60 60 60 60 61 61 61 60 60 60 60 60 60 60 60 60 62 63 62 60 60 61 61 61 61 61 60 61 62 62 62 62 62 62 61 61 62 64 64 61 61 64 63 65 63 62 61 63 62 62 66 66 65 65 59 59 58 62 63 56 53 53 53 53 53 55 61 55 57 60 67 74 83 73 82 67 57 60 75 81 75 68 71 66 53 53 53 52 52
60 61 61 61 61 60 60 60 60 61 61 60 61 60 60 60 60 59 59 59 60 61 62 65 65 62 61 59 61 61 60 60 60 61 62 62 63 63 63 64 61 62 63 63 65 63 61 61 61 61 64 67 67 65 59 61 63 67 68 75 70 61 65 71 67 65 59 54 53 53 53 53 54 57 63 61 64 72 -999 70 82 73 67 57 68 72 73 68 65 63 54 53 56 53 52 52
60 61 61 61 61 61 60 61 59 59 60 59 59 59 59 59 59 59 60 61 62 62 63 64 65 62 63 60 60 61 60 60 60 61 64 63 63 65 63 61 60 62 64 66 66 66 65 65 65 61 64 69 73 66 62 60 61 63 64 69 72 64 75 74 65 69 60 55 53 53 53 53 53 59 71 69 65 75 -999 75 83 69 64 58 69 72 72 70 65 59 53 59 58 64 55 53
59 60 60 60 60 61 61 61 60 59 60 60 58 60 59 58 58 59 60 61 65 71 71 71 67 62 62 61 60 61 60 65 68 68 66 70 69 66 64 61 59 62 69 74 73 71 75 71 64 61 60 64 69 67 62 60 61 64 69 69 71 64 67 72 75 70 59 55 54 54 53 52 52 56 70 67 -999 -999 -999 76 73 66 58 66 81 88 79 71 62 54 53 61 69 66 59 55
59 59 60 60 60 60 61 61 62 61 61 60 58 58 58 58 58 59 61 68 71 77 76 72 66 63 61 60 60 60 66 73 75 68 66 72 75 74 65 62 59 60 67 69 69 75 70 66 69 66 61 68 67 72 64 61 61 64 72 83 77 68 73 80 67 68 57 61 70 62 63 52 52 55 58 -999 -999 -999 -999 81 70 60 66 68 76 88 84 69 63 53 52 61 66 67 65 62
59 59 60 61 61 60 60 60 60 60 58 58 58 58 58 58 59 59 65 68 76 70 74 70 66 63 61 60 61 61 70 71 77 76 71 74 75 70 69 62 60 59 61 64 66 68 76 67 71 68 61 69 73 71 66 61 61 63 66 80 73 80 77 79 77 74 59 65 77 72 62 56 52 56 73 -999 -999 -999 -999 -999 69 59 74 81 82 85 75 67 56 54 58 71 68 68 67 63
58 60 59 60 62 63 61 62 61 59 58 58 58 58 58 58 59 59 64 64 66 71 74 70 64 62 61 60 61 60 61 62 62 72 73 78 71 70 66 63 61 58 59 64 70 73 77 74 70 73 63 62 62 61 61 61 61 63 64 74 82 93 83 83 74 72 69 59 73 72 62 56 52 56 -999 -999 -999 -999 -999 -999 -999 -999 67 70 79 75 75 58 71 57 56 64 62 62 63 61
58 58 58 58 60 61 59 62 64 61 58 58 58 58 58 59 59 60 67 70 69 69 73 73 65 62 61 59 60 60 66 68 69 68 69 77 79 68 68 62 61 59 59 60 65 65 70 73 70 71 74 64 62 71 67 71 64 61 62 66 74 78 83 77 71 71 64 64 74 70 70 68 52 52 -999 -999 -999 -999 -999 -999 -999 -999 -999 -999 -999 -999 -999 -999 -999 68 55 56 56 58 57 55
58 58 58 58 60 59 61 63 63 60 58 58 58 58 58 58 59 63 66 72 76 70 70 67 64 63 62 60 60 61 69 68 73 70 70 74 75 74 64 70 71 62 60 60 60 60 61 71 77 73 77 70 73 83 68 83 71 62 64 62 67 67 74 71 70 68 66 66 70 68 71 68 53 52 -999 -999 -999 -999 -999 -999 -999 -999 -999 -999 -999 -999 -999 -999 -999 -999 -999 -999 -999 55 55 55
59 58 58 58 59 59 63 61 60 58 58 58 58 58 58 59 61 67 66 67 68 75 73 69 67 68 60 60 59 60 65 75 78 78 85 74 71 66 74 77 73 65 60 61 65 68 61 71 80 76 83 74 77 84 79 79 71 65 64 64 61 62 67 73 74 65 65 61 59 62 64 59 61 52 -999 -999 -999 -999 -999 -999 -999 -999 -999 -999 -999 -999 -999 -999 -999 -999 -999 -999 -999 -999 58 60
58 57 57 58 59 59 58 57 58 57 57 57 57 57 58 59 66 71 69 70 72 72 77 69 72 75 63 60 59 60 66 72 74 76 77 74 68 69 84 71 66 61 60 68 68 86 71 74 83 76 74 70 73 82 84 78 74 68 67 82 77 65 65 79 74 70 74 70 63 58 59 55 54 51 51 -999 -999 -999 -999 -999 -999 -999 -999 -999 -999 -999 -999 -999 -999 -999 -999 -999 -999 -999 63 65
56 58 57 57 56 55 59 57 56 57 57 57 57 57 57 62 66 71 69 74 73 77 73 76 76 79 73 63 60 60 61 64 67 71 77 80 68 77 83 76 68 61 65 76 80 80 76 66 70 78 78 70 73 76 86 85 91 79 65 68 77 65 71 79 82 78 79 79 73 62 58 61 55 51 51 51 51 -999 -999 -999 -999 -999 -999 -999 -999 -999 -999 -999 -999 -999 -999 -999 -999 -999 -999 -999
55 55 56 56 58 58 59 58 56 56 57 57 58 58 61 68 78 76 75 81 80 87 87 83 77 77 72 62 60 60 62 67 75 77 83 74 68 77 75 77 67 61 71 77 85 80 79 69 67 72 84 73 67 73 87 88 87 82 81 80 74 65 78 87 79 77 73 72 73 66 69 67 59 54 51 51 51 -999 -999 -999 -999 -999 -999 -999 -999 -999 -999 -999 -999 -999 -999 -999 -999 -999 -999 -999
55 55 57 56 57 59 61 61 57 56 56 57 57 61 66 77 81 73 75 77 84 80 82 74 69 67 65 62 61 60 61 64 74 84 79 76 69 74 68 73 65 61 70 77 85 83 81 76 72 69 75 76 70 72 76 81 86 82 79 73 71 63 75 82 79 76 76 63 67 64 60 55 58 54 51 51 51 -999 -999 -999 -999 -999 -999 -999 -999 -999 -999 -999 -999 -999 -999 -999 -999 -999 -999 -999
55 55 56 57 58 63 64 60 58 56 56 56 58 68 70 75 73 73 69 77 74 76 67 68 70 66 70 66 64 59 60 63 70 83 80 83 74 71 65 75 75 61 65 71 76 86 79 70 73 67 66 70 64 73 73 76 81 70 69 70 69 62 67 72 73 72 76 70 70 63 63 61 58 58 54 51 50 -999 -999 -999 -999 -999 -999 -999 -999 -999 -999 -999 -999 -999 -999 -999 -999 -999 -999 -999
55 55 56 57 60 67 70 63 57 55 56 56 64 74 73 80 76 69 67 73 80 75 68 64 60 60 60 59 60 61 59 62 68 72 72 76 82 78 69 64 63 64 65 71 65 73 73 73 70 69 73 72 67 63 69 71 75 75 73 65 66 68 -999 -999 68 82 76 78 75 76 70 57 53 53 54 -999 -999 -999 -999 -999 -999 -999 -999 -999 -999 -999 -999 -999 -999 -999 -999 -999 -999 -999 -999 -999
55 55 57 60 64 69 75 68 63 61 58 62 67 76 69 74 69 69 69 65 65 61 64 61 60 64 67 66 70 73 62 60 64 67 74 78 71 71 68 71 71 71 67 70 76 65 73 73 79 70 84 70 73 63 71 70 86 73 70 73 -999 -999 -999 -999 -999 -999 -999 -999 -999 -999 -999 -999 -999 -999 -999 -999 -999 -999 -999 -999 -999 -999 -999 -999 -999 -999 -999 -999 -999 -999 -999 -999 -999 -999 -999 -999
55 55 57 59 67 69 75 82 74 72 66 69 65 65 66 70 73 64 63 66 64 68 70 61 60 69 67 68 73 65 60 71 79 71 69 64 64 66 64 71 74 77 65 68 74 74 64 73 67 82 87 85 76 67 70 82 -999 -999 -999 -999 -999 -999 -999 -999 -999 -999 -999 -999 -999 -999 -999 -999 -999 -999 -999 -999 -999 -999 -999 -999 -999 -999 -999 -999 -999 -999 -999 -999 -999 -999 -999 -999 -999 -999 -999 -999
55 57 63 72 78 78 82 89 77 84 80 67 61 62 64 67 64 63 61 61 61 60 60 60 61 65 70 74 65 60 67 79 74 72 69 67 71 75 65 80 83 77 77 75 82 76 73 73 76 75 81 -999 -999 -999 -999 -999 -999 -999 -999 -999 -999 -999 -999 -999 -999 -999 -999 -999 -999 -999 -999 -999 -999 -999 -999 -999 -999 -999 -999 -999 -999 -999 -999 -999 -999 -999 -999 -999 -999 -999 -999 -999 -999 -999 -999 -999
55 59 75 69 84 72 73 80 69 72 70 61 61 61 62 69 62 65 63 62 65 64 65 66 66 69 68 65 60 72 71 67 71 65 68 71 68 77 76 79 77 77 80 79 78 79 82 84 79 70 67 -999 -999 -999 -999 -999 -999 -999 -999 -999 -999 -999 -999 -999 -999 -999 -999 -999 -999 -999 -999 -999 -999 -999 -999 -999 -999 -999 -999 -999 -999 -999 -999 -999 -999 -999 -999 -999 -999 -999 -999 -999 -999 -999 -999 -999
55 57 62 62 66 71 70 75 71 63 61 61 61 61 61 62 62 72 77 75 73 83 74 67 68 64 71 64 61 61 63 63 69 68 -999 -999 77 80 81 -999 -999 -999 -999 -999 -999 -999 -999 -999 -999 -999 -999 -999 -999 -999 -999 -999 -999 -999 -999 -999 -999 -999 -999 -999 -999 -999 -999 -999 -999 -999 -999 -999 -999 -999 -999 -999 -999 -999 -999 -999 -999 -999 -999 -999 -999 -999 -999 -999 -999 -999 -999 -999 -999 -999 -999 -999
56 64 63 63 65 64 66 73 70 61 63 61 61 61 63 68 68 69 76 72 73 67 70 68 76 72 62 61 66 64 66 69 68 -999 -999 -999 -999 -999 -999 -999 -999 -999 -999 -999 -999 -999 -999 -999 -999 -999 -999 -999 -999 -999 -999 -999 -999 -999 -999 -999 -999 -999 -999 -999 -999 -999 -999 -999 -999 -999 -999 -999 -999 -999 -999 -999 -999 -999 -999 -999 -999 -999 -999 -999 -999 -999 -999 -999 -999 -999 -999 -999 -999 -999 -999 -999
64 65 81 70 70 72 71 63 67 62 61 61 61 69 76 68 75 72 73 74 71 68 64 62 61 61 61 61 65 74 80 65 -999 -999 -999 -999 -999 -999 -999 -999 -999 -999 -999 -999 -999 -999 -999 -999 -999 -999 -999 -999 -999 -999 -999 -999 -999 -999 -999 -999 -999 -999 -999 -999 -999 -999 -999 -999 -999 -999 -999 -999 -999 -999 -999 -999 -999 -999 -999 -999 -999 -999 -999 -999 -999 -999 -999 -999 -999 -999 -999 -999 -999 -999 -999 -999
75 76 80 78 73 92 81 70 61 65 63 63 70 75 67 72 72 70 64 61 61 60 61 62 66 67 65 63 73 86 69 -999 -999 -999 -999 -999 -999 -999 -999 -999 -999 -999 -999 -999 -999 -999 -999 -999 -999 -999 -999 -999 -999 -999 -999 -999 -999 -999 -999 -999 -999 -999 -999 -999 -999 -999 -999 -999 -999 -999 -999 -999 -999 -999 -999 -999 -999 -999 -999 -999 -999 -999 -999 -999 -999 -999 -999 -999 -999 -999 -999 -999 -999 -999 -999 -999
88 90 87 90 85 82 78 70 66 68 69 69 71 66 63 61 61 62 61 61 62 67 76 80 71 67 63 69 87 89 89 -999 -999 -999 -999 -999 -999 -999 -999 -999 -999 -999 -999 -999 -999 -999 -999 -999 -999 -999 -999 -999 -999 -999 -999 -999 -999 -999 -999 -999 -999 -999 -999 -999 -999 -999 -999 -999 -999 -999 -999 -999 -999 -999 -999 -999 -999 -999 -999 -999 -999 -999 -999 -999 -999 -999 -999 -999 -999 -999 -999 -999 -999 -999 -999 -999
95 87 90 85 83 76 72 64 64 71 72 72 73 62 64 71 77 79 67 61 69 84 81 68 67 74 71 66 73 82 76 -999 -999 -999 -999 -999 -999 -999 -999 -999 -999 -999 -999 -999 -999 -999 -999 -999 -999 -999 -999 -999 -999 -999 -999 -999 -999 -999 -999 -999 -999 -999 -999 -999 -999 -999 -999 -999 -999 -999 -999 -999 -999 -999 -999 -999 -999 -999 -999 -999 -999 -999 -999 -999 -999 -999 -999 -999 -999 -999 -999 -999 -999 -999 -999 -999
85 84 80 80 82 74 70 64 66 69 69 64 62 73 76 80 70 63 69 63 73 80 75 76 72 87 72 72 62 67 -999 -999 -999 -999 -999 -999 -999 -999 -999 -999 -999 -999 -999 -999 -999 -999 -999 -999 -999 -999 -999 -999 -999 -999 -999 -999 -999 -999 -999 -999 -999 -999 -999 -999 -999 -999 -999 -999 -999 -999 -999 -999 -999 -999 -999 -999 -999 -999 -999 -999 -999 -999 -999 -999 -999 -999 -999 -999 -999 -999 -999 -999 -999 -999 -999 -999
79 80 73 75 76 71 73 64 66 63 62 66 68 87 74 69 73 80 68 62 73 82 80 85 72 85 71 76 78 72 -999 -999 -999 -999 -999 -999 -999 -999 -999 -999 -999 -999 -999 -999 -999 -999 -999 -999 -999 -999 -999 -999 -999 -999 -999 -999 -999 -999 -999 -999 -999 -999 -999 -999 -999 -999 -999 -999 -999 -999 -999 -999 -999 -999 -999 -999 -999 -999 -999 -999 -999 -999 -999 -999 -999 -999 -999 -999 -999 -999 -999 -999 -999 -999 -999 -999
75 71 69 71 71 68 66 63 63 63 67 73 79 73 71 77 87 78 67 -999 -999 81 91 94 72 86 83 83 87 -999 -999 -999 -999 -999 -999 -999 -999 -999 -999 -999 -999 -999 -999 -999 -999 -999 -999 -999 -999 -999 -999 -999 -999 -999 -999 -999 -999 -999 -999 -999 -999 -999 -999 -999 -999 -999 -999 -999 -999 -999 -999 -999 -999 -999 -999 -999 -999 -999 -999 -999 -999 -999 -999 -999 -999 -999 -999 -999 -999 -999 -999 -999 -999 -999 -999 -999
83 78 72 72 68 64 63 63 63 67 68 85 81 81 81 90 84 69 -999 -999 -999 -999 -999 -999 -999 -999 -999 -999 -999 -999 -999 -999 -999 -999 -999 -999 -999 -999 -999 -999 -999 -999 -999 -999 -999 -999 -999 -999 -999 -999 -999 -999 -999 -999 -999 -999 -999 -999 -999 -999 -999 -999 -999 -999 -999 -999 -999 -999 -999 -999 -999 -999 -999 -999 -999 -999 -999 -999 -999 -999 -999 -999 -999 -999 -999 -999 -999 -999 -999 -999 -999 -999 -999 -999 -999 -999
75 71 78 72 65 64 64 63 69 76 77 91 78 92 92 89 77 -999 -999 -999 -999 -999 -999 -999 -999 -999 -999 -999 -999 -999 -999 -999 -999 -999 -999 -999 -999 -999 -999 -999 -999 -999 -999 -999 -999 -999 -999 -999 -999 -999 -999 -999 -999 -999 -999 -999 -999 -999 -999 -999 -999 -999 -999 -999 -999 -999 -999 -999 -999 -999 -999 -999 -999 -999 -999 -999 -999 -999 -999 -999 -999 -999 -999 -999 -999 -999 -999 -999 -999 -999 -999 -999 -999 -999 -999 -999
66 65 65 66 65 64 65 63 70 83 81 91 84 94 82 74 -999 -999 -999 -999 -999 -999 -999 -999 -999 -999 -999 -999 -999 -999 -999 -999 -999 -999 -999 -999 -999 -999 -999 -999 -999 -999 -999 -999 -999 -999 -999 -999 -999 -999 -999 -999 -999 -999 -999 -999 -999 -999 -999 -999 -999 -999 -999 -999 -999 -999 -999 -999 -999 -999 -999 -999 -999 -999 -999 -999 -999 -999 -999 -999 -999 -999 -999 -999 -999 -999 -999 -999 -999 -999 -999 -999 -999 -999 -999 -999
63 65 69 64 67 65 66 65 69 91 84 97 94 93 79 75 -999 -999 -999 -999 -999 -999 -999 -999 -999 -999 -999 -999 -999 -999 -999 -999 -999 -999 -999 -999 -999 -999 -999 -999 -999 -999 -999 -999 -999 -999 -999 -999 -999 -999 -999 -999 -999 -999 -999 -999 -999 -999 -999 -999 -999 -999 -999 -999 -999 -999 -999 -999 -999 -999 -999 -999 -999 -999 -999 -999 -999 -999 -999 -999 -999 -999 -999 -999 -999 -999 -999 -999 -999 -999 -999 -999 -999 -999 -999 -999
71 68 69 67 66 65 66 64 69 74 80 88 93 78 72 72 -999 -999 -999 -999 -999 -999 -999 -999 -999 -999 -999 -999 -999 -999 -999 -999 -999 -999 -999 -999 -999 -999 -999 -999 -999 -999 -999 -999 -999 -999 -999 -999 -999 -999 -999 -999 -999 -999 -999 -999 -999 -999 -999 -999 -999 -999 -999 -999 -999 -999 -999 -999 -999 -999 -999 -999 -999 -999 -999 -999 -999 -999 -999 -999 -999 -999 -999 -999 -999 -999 -999 -999 -999 -999 -999 -999 -999 -999 -999 -999
66 68 68 69 70 67 66 64 71 80 78 78 80 86 76 81 81 -999 -999 -999 -999 -999 -999 -999 -999 -999 -999 -999 -999 -999 -999 -999 -999 -999 -999 -999 -999 -999 -999 -999 -999 -999 -999 -999 -999 -999 -999 -999 -999 -999 -999 -999 -999 -999 -999 -999 -999 -999 -999 -999 -999 -999 -999 -999 -999 -999 -999 -999 -999 -999 -999 -999 -999 -999 -999 -999 -999 -999 -999 -999 -999 -999 -999 -999 -999 -999 -999 -999 -999 -999 -999 -999 -999 -999 -999 -999
66 74 74 75 72 68 65 64 80 81 90 87 87 92 83 90 96 93 -999 -999 -999 -999 -999 -999 -999 -999 -999 -999 -999 -999 -999 -999 -999 -999 -999 -999 -999 -999 -999 -999 -999 -999 -999 -999 -999 -999 -999 -999 -999 -999 -999 -999 -999 -999 -999 -999 -999 -999 -999 -999 -999 -999 -999 -999 -999 -999 -999 -999 -999 -999 -999 -999 -999 -999 -999 -999 -999 -999 -999 -999 -999 -999 -999 -999 -999 -999 -999 -999 -999 -999 -999 -999 -999 -999 -999 -999
71 69 76 77 71 68 64 71 73 77 87 107 108 -999 -999 -999 -999 -999 -999 -999 -999 -999 -999 -999 -999 -999 -999 -999 -999 -999 -999 -999 -999 -999 -999 -999 -999 -999 -999 -999 -999 -999 -999 -999 -999 -999 -999 -999 -999 -999 -999 -999 -999 -999 -999 -999 -999 -999 -999 -999 -999 -999 -999 -999 -999 -999 -999 -999 -999 -999 -999 -999 -999 -999 -999 -999 -999 -999 -999 -999 -999 -999 -999 -999 -999 -999 -999 -999 -999 -999 -999 -999 -999 -999 -999 -999
72 69 68 69 68 65 65 73 90 83 97 -999 -999 -999 -999 -999 -999 -999 -999 -999 -999 -999 -999 -999 -999 -999 -999 -999 -999 -999 -999 -999 -999 -999 -999 -999 -999 -999 -999 -999 -999 -999 -999 -999 -999 -999 -999 -999 -999 -999 -999 -999 -999 -999 -999 -999 -999 -999 -999 -999 -999 -999 -999 -999 -999 -999 -999 -999 -999 -999 -999 -999 -999 -999 -999 -999 -999 -999 -999 -999 -999 -999 -999 -999 -999 -999 -999 -999 -999 -999 -999 -999 -999 -999 -999 -999
90 -999 -999 -999 -999 64 67 87 98 96 -999 -999 -999 -999 -999 -999 -999 -999 -999 -999 -999 -999 -999 -999 -999 -999 -999 -999 -999 -999 -999 -999 -999 -999 -999 -999 -999 -999 -999 -999 -999 -999 -999 -999 -999 -999 -999 -999 -999 -999 -999 -999 -999 -999 -999 -999 -999 -999 -999 -999 -999 -999 -999 -999 -999 -999 -999 -999 -999 -999 -999 -999 -999 -999 -999 -999 -999 -999 -999 -999 -999 -999 -999 -999 -999 -999 -999 -999 -999 -999 -999 -999 -999 -999 -999 -999
-999 -999 -999 -999 -999 64 72 89 -999 -999 -999 -999 -999 -999 -999 -999 -999 -999 -999 -999 -999 -999 -999 -999 -999 -999 -999 -999 -999 -999 -999 -999 -999 -999 -999 -999 -999 -999 -999 -999 -999 -999 -999 -999 -999 -999 -999 -999 -999 -999 -999 -999 -999 -999 -999 -999 -999 -999 -999 -999 -999 -999 -999 -999 -999 -999 -999 -999 -999 -999 -999 -999 -999 -999 -999 -999 -999 -999 -999 -999 -999 -999 -999 -999 -999 -999 -999 -999 -999 -999 -999 -999 -999 -999 -999 -999
