processed/ole/sunshine_jan_2015.asc
NCOLS 654
NROWS 866
XLLCORNER 3280414.711633467
YLLCORNER 5237500.62890625
CELLSIZE 1000
NODATA_VALUE -999
[rows 530 to 582 of 866, columns 0 to 95 of 654]
-999 -999 -999 -999 -999 -999 -999 -999 -999 -999 -999 -999 -999 -999 -999 -999 -999 -999 -999 -999 -999 43 43 44 43 44 45 44 45 45 46 48 48 45 44 43 44 42 44 41 44 45 46 44 41 41 40 39 39 39 38 37 36 37 39 39 38 40 39 40 37 39 39 39 41 40 40 38 39 39 40 40 42 43 40 39 40 39 38 38 37 35 35 41 39 37 36 38 38 36 35 36 36 36 35 35
-999 -999 -999 -999 -999 -999 -999 -999 -999 -999 -999 -999 -999 -999 -999 -999 -999 -999 -999 -999 39 40 41 41 41 43 43 43 42 44 46 48 44 44 44 42 43 43 41 44 45 45 45 43 41 41 38 40 37 38 38 36 35 35 37 37 39 40 40 41 36 37 37 39 39 38 38 37 36 39 40 39 37 38 40 39 39 38 39 37 35 36 38 39 37 35 40 40 39 38 33 34 34 35 34 34
-999 -999 -999 -999 -999 -999 -999 -999 -999 -999 -999 -999 -999 -999 -999 -999 -999 -999 -999 -999 41 41 42 42 41 41 42 42 43 45 46 43 44 44 43 42 43 43 41 41 42 44 44 44 43 40 38 38 38 40 39 38 35 36 37 36 37 37 39 39 39 37 38 38 39 39 36 37 38 38 38 39 37 39 37 39 39 38 37 37 35 37 37 38 39 37 37 40 39 39 36 35 34 32 32 31
-999 -999 -999 -999 -999 -999 -999 -999 -999 -999 -999 -999 -999 -999 -999 -999 -999 -999 41 41 40 42 40 41 41 40 41 41 44 46 43 43 43 40 42 41 44 41 42 43 42 43 43 42 40 39 38 38 40 35 38 38 37 36 33 35 38 38 38 40 39 39 38 37 38 37 36 37 36 38 38 38 37 37 39 37 38 38 39 37 38 38 38 40 40 37 37 38 38 38 36 36 36 35 36 33
-999 -999 -999 -999 -999 -999 -999 -999 -999 -999 -999 -999 -999 -999 -999 -999 -999 38 40 41 41 41 40 41 41 42 41 41 43 43 42 40 42 40 40 44 43 39 42 41 41 40 40 40 40 40 37 40 39 36 38 36 35 35 34 36 37 37 37 37 40 38 36 37 35 35 34 35 37 38 38 37 36 37 39 38 38 37 37 38 38 40 41 40 40 38 38 39 37 36 35 35 35 35 35 34
-999 -999 -999 -999 -999 -999 -999 -999 -999 -999 -999 -999 -999 -999 -999 -999 -999 37 38 41 42 42 42 41 41 39 40 42 42 42 41 40 40 39 41 41 40 39 41 40 40 41 41 41 40 37 39 36 35 35 34 33 36 37 33 36 35 38 38 37 39 36 37 36 34 34 34 36 38 38 38 36 35 36 36 38 37 38 38 40 38 39 39 38 39 37 36 37 37 36 36 34 33 32 33 33
-999 -999 -999 -999 -999 -999 -999 -999 -999 -999 -999 -999 -999 -999 -999 -999 -999 38 40 39 39 41 42 42 41 39 40 40 40 41 41 39 41 38 41 40 39 40 39 41 40 41 40 40 39 40 39 38 37 36 34 33 34 35 34 33 34 37 38 39 37 35 37 35 34 33 36 36 36 36 36 36 35 35 36 35 36 36 39 38 36 39 36 39 38 38 36 35 35 35 35 34 33 32 32 31
-999 -999 -999 -999 -999 -999 -999 -999 -999 -999 -999 -999 -999 -999 -999 39 37 39 40 41 43 41 41 41 40 40 40 40 41 39 39 40 40 40 39 38 41 39 39 40 40 41 39 40 41 43 39 38 37 37 34 36 35 35 37 36 34 38 37 38 37 34 33 35 34 33 35 36 36 35 36 36 36 34 36 35 36 35 36 37 36 36 37 36 38 38 37 35 35 33 34 34 33 33 33 32
-999 -999 -999 -999 -999 -999 -999 -999 -999 -999 -999 -999 -999 -999 40 40 38 40 42 43 41 42 40 42 40 40 38 38 40 40 37 39 39 38 37 39 41 39 39 39 39 40 39 40 41 39 39 38 38 36 35 36 35 36 37 36 37 35 36 35 36 35 32 35 33 34 34 33 36 35 35 35 34 34 35 35 37 35 36 36 35 34 35 33 35 35 36 36 34 34 33 32 30 32 31 31
-999 -999 -999 -999 -999 -999 -999 -999 -999 -999 -999 -999 -999 -999 40 37 37 40 41 42 42 43 42 40 39 38 39 37 39 39 38 37 37 39 39 39 38 37 38 39 39 39 40 41 40 40 37 36 35 35 36 33 35 36 33 37 37 35 35 36 36 35 33 31 33 32 34 35 35 34 35 35 35 34 34 35 36 36 35 33 34 35 35 33 34 34 35 35 35 34 33 33 32 31 29 27
-999 -999 -999 -999 -999 -999 -999 -999 -999 -999 -999 -999 -999 40 40 37 39 42 42 42 42 42 42 41 42 40 38 38 38 39 37 39 41 40 39 41 38 37 38 38 39 39 38 40 40 39 38 35 36 35 33 34 34 35 36 36 37 36 36 33 33 33 34 34 31 33 34 35 34 34 35 36 34 35 33 36 35 36 36 36 34 35 36 34 29 35 35 34 33 33 33 33 31 31 31 30
-999 -999 -999 -999 -999 -999 -999 -999 -999 -999 -999 -999 -999 39 40 37 39 40 42 42 42 41 41 42 41 39 40 38 38 39 38 41 39 41 40 40 38 38 37 38 39 38 39 40 38 38 37 38 36 32 33 35 36 33 36 38 36 36 36 33 31 35 34 31 30 34 33 33 33 33 34 36 35 33 35 35 36 36 35 35 36 36 36 36 33 29 32 33 33 31 30 31 31 29 27 29
-999 -999 -999 -999 -999 -999 -999 -999 -999 -999 -999 -999 -999 40 37 37 38 40 42 40 40 40 40 41 41 39 39 38 38 36 38 39 39 39 40 39 37 37 37 36 37 38 39 39 39 38 38 35 36 31 36 36 35 37 36 39 37 34 34 30 32 34 32 29 31 31 33 32 31 33 34 33 33 34 32 34 35 34 35 35 34 35 35 34 34 33 28 29 32 31 30 29 26 24 24 24
-999 -999 -999 -999 -999 -999 -999 -999 -999 -999 -999 -999 -999 40 39 36 39 41 41 40 41 40 41 41 41 40 38 37 38 37 37 37 38 38 39 37 36 36 35 37 40 39 38 38 39 38 35 35 31 32 31 32 36 36 37 33 32 32 33 32 32 32 32 31 30 31 32 32 30 31 32 34 34 33 33 32 33 33 34 34 35 35 34 32 32 32 31 28 30 24 24 25 28 28 28 28
-999 -999 -999 -999 -999 -999 -999 -999 -999 -999 -999 -999 -999 38 36 40 41 40 39 40 40 41 39 39 40 40 39 39 38 36 35 38 36 37 38 37 37 35 38 40 37 37 37 38 39 40 37 36 32 32 34 33 33 38 35 33 32 32 32 31 32 31 31 27 31 31 32 30 30 31 33 33 33 33 32 32 32 34 34 34 35 34 33 31 32 32 31 26 28 25 28 29 29 29 29 28
-999 -999 -999 -999 -999 -999 -999 -999 -999 -999 -999 -999 -999 39 40 40 40 41 41 41 41 41 40 40 41 39 39 37 37 36 36 38 40 41 39 36 34 37 38 37 37 39 38 39 39 36 34 31 34 34 35 36 37 36 33 32 33 32 29 29 31 31 29 27 30 31 31 32 30 31 32 33 33 34 33 32 31 34 33 34 34 34 32 31 31 32 30 29 25 24 26 22 22 22 28 28
-999 -999 -999 -999 -999 -999 -999 -999 -999 -999 -999 -999 -999 39 37 39 38 39 41 40 39 39 39 41 39 40 41 39 36 35 37 38 40 38 39 37 37 36 37 37 36 36 38 37 37 36 35 31 32 35 37 36 35 33 32 32 31 30 28 31 29 27 26 28 29 29 31 30 30 30 32 32 33 32 32 32 31 33 32 33 31 32 31 28 29 30 30 28 26 25 28 27 20 25 27 25
-999 -999 -999 -999 -999 -999 -999 -999 -999 -999 -999 -999 -999 36 37 39 39 38 39 39 38 37 39 39 40 40 39 38 38 36 37 36 37 37 40 40 37 34 36 35 35 37 36 37 37 38 36 31 31 34 36 34 35 34 34 32 32 31 29 30 29 28 26 29 28 29 30 30 30 30 31 32 31 31 31 31 32 33 32 32 31 30 26 25 29 29 29 29 27 27 27 27 20 25 27 23
-999 -999 -999 -999 -999 -999 -999 -999 -999 -999 -999 -999 -999 36 39 40 41 40 37 38 36 38 39 40 40 40 40 38 35 35 37 34 38 37 39 38 37 36 33 36 35 35 35 38 38 38 37 30 32 31 34 33 32 33 33 30 32 31 30 26 28 27 25 26 29 29 29 30 30 30 30 32 30 31 30 32 31 31 31 32 32 30 30 24 27 25 25 27 27 26 26 24 21 27 25 25
-999 -999 -999 -999 -999 -999 -999 -999 -999 -999 -999 -999 -999 37 39 39 40 41 38 35 35 38 39 39 39 40 40 39 36 35 34 36 37 38 37 38 38 35 32 36 34 37 36 36 37 34 36 30 32 33 34 35 33 32 31 30 31 32 26 28 26 26 24 27 29 29 30 31 28 30 31 28 30 31 29 31 32 31 28 32 32 31 28 30 28 26 24 27 28 25 20 20 20 22 24 23
-999 -999 -999 -999 -999 -999 -999 -999 -999 -999 -999 -999 -999 34 39 39 38 39 37 35 38 40 38 38 38 38 39 38 38 37 34 36 36 37 38 38 36 36 35 33 36 32 36 36 35 36 35 31 31 35 35 34 33 31 31 31 33 32 27 29 28 26 25 27 27 28 29 29 30 29 31 29 29 30 29 30 27 31 30 33 31 32 30 29 22 22 20 21 25 24 21 27 23 23 24 23
-999 -999 -999 -999 -999 -999 -999 -999 -999 -999 -999 -999 -999 35 38 38 38 38 35 35 39 39 37 38 40 39 38 38 36 35 34 33 32 35 37 36 35 35 36 34 34 34 35 35 33 35 32 30 31 35 35 33 33 31 29 31 32 31 30 28 29 25 27 26 27 28 29 30 29 27 30 29 28 29 30 31 29 31 28 30 31 31 30 28 24 22 24 20 19 21 18 20 23 24 25 25
-999 -999 -999 -999 -999 -999 -999 -999 -999 -999 -999 -999 -999 34 38 37 38 37 35 39 38 38 36 38 39 39 37 37 36 35 37 33 32 35 37 36 35 35 35 34 31 34 35 34 32 32 34 29 33 33 34 33 32 31 32 31 32 29 30 29 28 27 26 23 26 27 27 29 29 27 30 29 29 28 30 29 26 29 30 29 27 31 26 28 26 20 21 25 25 18 18 22 26 23 24 26
-999 -999 -999 -999 -999 -999 -999 -999 -999 -999 -999 -999 -999 32 37 37 37 37 36 37 38 39 36 37 38 37 36 37 38 38 38 38 37 33 33 37 34 34 34 33 31 33 33 33 33 32 34 28 33 33 32 32 32 32 28 28 31 29 28 29 27 26 24 25 27 27 28 29 29 29 27 29 29 26 30 30 30 26 26 27 26 29 27 28 26 19 24 21 21 23 25 27 26 24 25 24
-999 -999 -999 -999 -999 -999 -999 -999 -999 -999 -999 -999 -999 -999 35 37 37 36 37 34 37 38 37 37 37 37 35 38 36 38 38 37 37 35 31 32 34 33 32 33 31 31 33 31 30 31 32 29 31 32 32 31 32 30 29 30 30 30 28 28 27 26 25 27 28 27 28 29 28 28 28 28 29 29 30 31 29 26 30 29 27 24 22 21 28 19 24 23 24 26 27 27 26 26 25 23
-999 -999 -999 -999 -999 -999 -999 -999 -999 -999 -999 -999 -999 -999 34 37 34 34 33 33 37 38 36 34 33 37 33 37 37 35 36 37 36 32 30 33 33 33 31 31 30 31 32 31 30 33 28 30 31 32 32 31 30 31 30 28 28 29 29 28 28 26 25 25 27 27 27 28 27 28 29 27 30 27 31 31 30 31 30 28 27 30 25 22 20 19 23 25 26 26 27 27 25 27 25 22
-999 -999 -999 -999 -999 -999 -999 -999 -999 -999 -999 -999 -999 -999 33 34 32 37 35 35 37 38 38 36 33 35 35 36 33 33 37 38 36 35 31 32 33 32 32 31 29 32 31 31 28 31 31 31 32 32 31 31 30 29 29 29 28 26 27 28 27 26 25 24 26 27 28 25 28 29 31 31 30 26 31 31 32 30 32 31 29 27 26 20 23 19 20 20 22 20 22 24 27 25 24 22
-999 -999 -999 -999 -999 -999 -999 -999 -999 -999 -999 -999 -999 -999 34 36 33 38 38 38 37 36 37 36 36 33 37 38 36 34 37 37 35 32 29 32 32 32 31 31 29 31 32 31 29 29 30 31 31 31 30 30 29 29 28 29 29 29 25 26 26 25 25 24 25 25 27 28 29 30 30 27 29 26 29 32 31 32 28 27 26 24 24 21 19 21 19 21 18 25 28 25 27 26 25 23
-999 -999 -999 -999 -999 -999 -999 -999 -999 -999 -999 -999 -999 -999 34 34 35 37 36 38 36 37 38 38 37 32 36 36 36 36 36 35 33 32 31 29 31 30 30 30 29 32 32 31 29 29 30 30 30 29 30 29 29 29 28 25 29 28 27 24 25 25 26 27 28 25 28 28 30 27 27 26 27 28 26 27 27 27 26 25 24 25 21 23 20 24 21 24 22 19 23 27 22 25 25 23
-999 -999 -999 -999 -999 -999 -999 -999 -999 -999 -999 -999 -999 -999 31 32 35 35 37 34 35 37 37 38 37 36 33 35 34 35 35 33 33 32 32 33 30 29 30 31 29 31 32 32 31 28 30 30 29 29 29 29 28 28 28 27 27 29 28 27 26 26 28 28 28 25 23 23 25 25 26 26 26 25 25 25 25 24 24 25 23 22 25 28 21 26 24 19 20 20 20 20 23 25 23 21
-999 -999 -999 -999 -999 -999 -999 -999 -999 -999 -999 -999 -999 -999 -999 33 30 34 37 35 35 36 35 38 35 34 32 34 34 33 33 33 31 33 28 31 28 28 30 30 30 31 31 31 30 28 30 29 29 29 29 28 28 29 28 28 28 29 27 26 26 25 27 27 28 28 27 22 25 23 25 25 24 24 24 24 23 23 23 23 23 25 29 28 22 25 26 27 25 22 22 24 26 22 23 22
-999 -999 -999 -999 -999 -999 -999 -999 -999 -999 -999 -999 -999 -999 -999 31 30 35 36 37 35 37 36 35 35 36 32 33 33 32 33 32 33 32 30 28 27 29 28 30 29 30 31 30 29 26 29 28 28 28 28 28 27 28 28 28 27 28 27 26 27 27 26 27 28 26 24 22 23 23 23 23 23 23 23 23 23 24 24 26 26 29 30 28 20 26 28 28 28 28 23 20 24 24 23 24
-999 -999 -999 -999 -999 -999 -999 -999 -999 -999 -999 -999 -999 -999 -999 33 29 34 32 36 35 34 34 35 33 35 32 30 31 32 32 32 29 30 30 27 28 29 29 29 27 29 29 28 28 26 27 27 28 28 28 28 28 27 28 28 25 25 26 26 26 25 28 27 26 24 23 22 22 23 23 23 23 23 23 23 24 25 28 30 30 30 29 27 20 25 28 28 26 26 28 27 26 26 23 23
-999 -999 -999 -999 -999 -999 -999 -999 -999 -999 -999 -999 -999 -999 -999 32 30 30 29 34 35 32 34 31 32 33 31 30 30 32 32 31 31 28 28 28 29 29 28 28 27 29 29 28 27 28 25 28 27 27 26 26 26 27 27 28 26 25 24 25 27 27 27 27 24 23 23 23 23 23 23 23 23 23 23 23 25 24 24 29 27 24 22 20 24 21 22 25 24 23 24 27 28 28 27 28
-999 -999 -999 -999 -999 -999 -999 -999 -999 -999 -999 -999 -999 -999 -999 35 32 31 30 32 35 32 31 32 31 30 32 28 29 32 33 32 31 30 28 28 29 29 27 28 29 29 29 28 28 29 26 25 26 26 26 25 25 27 27 27 26 25 26 27 27 24 27 26 25 24 24 25 25 24 23 22 23 23 25 24 21 22 23 22 23 23 21 21 25 20 22 24 28 28 27 29 28 30 30 31
-999 -999 -999 -999 -999 -999 -999 -999 -999 -999 -999 -999 -999 -999 -999 -999 34 35 33 31 31 30 29 31 31 30 30 30 30 32 32 31 30 29 26 27 28 28 27 27 27 28 28 29 29 29 29 26 27 23 25 25 26 27 26 26 27 26 26 26 23 27 26 25 24 23 26 25 25 23 23 22 22 22 24 28 22 26 27 24 24 24 24 23 25 21 22 28 29 29 30 28 28 31 31 32
-999 -999 -999 -999 -999 -999 -999 -999 -999 -999 -999 -999 -999 -999 -999 -999 32 35 31 28 29 29 29 30 31 29 31 30 28 28 30 29 27 26 28 28 29 27 27 27 27 28 28 29 29 28 28 25 26 24 26 28 26 27 27 28 28 27 26 27 26 26 25 24 24 26 26 25 24 23 23 23 23 27 30 27 22 24 27 29 29 26 30 24 23 22 29 28 30 30 29 28 31 32 33 34
-999 -999 -999 -999 -999 -999 -999 -999 -999 -999 -999 -999 -999 -999 -999 -999 -999 32 32 30 28 29 30 28 30 30 30 30 31 28 30 28 27 25 27 28 29 26 26 26 26 28 29 28 28 28 28 27 24 26 28 28 28 28 28 29 27 26 27 27 26 26 23 23 28 25 24 24 23 23 25 24 24 24 25 26 29 25 22 26 30 30 30 29 23 28 30 29 27 30 31 31 32 33 35 35
-999 -999 -999 -999 -999 -999 -999 -999 -999 -999 -999 -999 -999 -999 -999 -999 -999 29 30 29 28 27 29 28 29 30 31 31 30 30 27 28 28 26 27 30 29 27 25 26 27 28 29 28 28 28 25 24 24 27 27 28 28 28 28 28 28 27 27 27 28 27 26 24 24 23 23 24 24 25 28 26 25 25 25 24 24 24 27 24 23 30 31 26 26 29 29 32 30 31 30 31 32 33 34 34
-999 -999 -999 -999 -999 -999 -999 -999 -999 -999 -999 -999 -999 -999 -999 -999 -999 -999 -999 28 28 29 29 28 28 28 30 30 30 29 29 26 27 25 27 30 29 26 25 26 26 27 27 28 28 28 26 26 23 28 28 29 29 28 29 29 29 28 26 29 28 28 26 25 23 23 24 24 25 29 27 25 24 24 24 23 24 24 27 27 24 24 30 26 24 30 32 31 32 32 32 31 34 34 34 35
-999 -999 -999 -999 -999 -999 -999 -999 -999 -999 -999 -999 -999 -999 -999 -999 -999 -999 -999 29 26 27 30 28 29 30 30 29 29 28 26 29 26 28 30 30 25 25 26 27 28 28 28 28 28 27 28 25 26 27 28 27 28 28 29 30 29 29 27 26 28 26 24 23 23 23 24 24 26 26 29 26 24 25 24 24 24 25 26 27 27 23 27 31 27 24 26 30 31 32 33 34 33 34 33 33
-999 -999 -999 -999 -999 -999 -999 -999 -999 -999 -999 -999 -999 -999 -999 -999 -999 -999 -999 -999 31 27 29 29 29 28 28 29 28 27 26 25 27 26 30 29 25 25 26 26 27 27 28 28 28 27 27 27 25 26 27 28 28 28 29 28 26 26 29 26 28 25 24 23 23 24 24 25 27 30 31 31 22 23 22 23 23 23 22 23 24 29 30 29 25 30 30 30 32 34 34 34 33 33 33 32
-999 -999 -999 -999 -999 -999 -999 -999 -999 -999 -999 -999 -999 -999 -999 -999 -999 -999 -999 -999 28 30 27 25 26 28 30 29 28 30 29 27 26 25 25 29 26 25 27 26 26 28 26 28 27 28 25 27 27 27 28 28 28 28 28 28 27 28 29 29 26 24 23 24 22 23 26 29 28 31 26 24 23 26 25 24 23 28 24 27 30 29 29 29 30 29 31 32 31 33 34 33 33 32 33 33
-999 -999 -999 -999 -999 -999 -999 -999 -999 -999 -999 -999 -999 -999 -999 -999 -999 -999 -999 -999 -999 29 26 24 27 28 28 30 30 30 31 31 30 29 24 28 24 25 25 27 28 29 29 27 27 27 25 24 22 27 26 27 28 28 28 29 28 28 29 27 24 24 23 23 22 24 29 29 22 22 22 23 25 27 27 24 24 29 30 31 32 30 30 30 28 28 33 32 33 33 34 34 33 32 31 32
-999 -999 -999 -999 -999 -999 -999 -999 -999 -999 -999 -999 -999 -999 -999 -999 -999 -999 -999 -999 -999 -999 27 25 25 26 29 30 27 29 31 30 29 29 26 27 24 25 26 28 28 28 28 27 25 27 25 25 26 22 26 27 28 28 26 27 26 27 27 24 23 22 22 23 22 28 29 26 22 23 22 22 29 27 26 24 25 29 27 28 30 32 33 32 33 33 33 35 34 34 34 34 33 33 33 33
-999 -999 -999 -999 -999 -999 -999 -999 -999 -999 -999 -999 -999 -999 -999 -999 -999 -999 -999 -999 -999 -999 -999 29 30 29 25 30 29 27 30 29 29 29 27 24 25 25 26 26 26 27 27 25 23 26 25 24 25 21 23 26 26 25 25 26 24 26 24 22 22 23 23 25 21 27 26 27 22 25 22 21 27 27 27 26 31 32 32 32 32 30 32 33 34 34 33 35 36 36 35 33 33 34 36 38
-999 -999 -999 -999 -999 -999 -999 -999 -999 -999 -999 -999 -999 -999 -999 -999 -999 -999 -999 -999 -999 -999 -999 -999 31 30 24 30 25 24 26 28 29 29 27 22 22 21 25 25 27 27 26 25 24 23 22 22 22 22 22 23 24 23 24 24 24 24 22 22 22 22 24 22 23 24 25 22 23 22 26 26 29 30 25 30 31 32 33 34 33 33 33 33 34 36 34 35 35 36 34 34 35 36 37 41
-999 -999 -999 -999 -999 -999 -999 -999 -999 -999 -999 -999 -999 -999 -999 -999 -999 -999 -999 -999 -999 -999 -999 -999 -999 29 24 26 27 28 24 28 28 26 27 26 22 22 24 26 27 27 27 26 25 26 22 25 22 20 20 26 24 22 22 24 25 21 20 22 22 23 24 24 23 25 26 22 25 26 25 25 28 31 28 30 28 30 34 36 36 36 35 33 34 35 36 36 35 36 36 36 37 39 41 38
-999 -999 -999 -999 -999 -999 -999 -999 -999 -999 -999 -999 -999 -999 -999 -999 -999 -999 -999 -999 -999 -999 -999 -999 -999 -999 28 24 29 29 27 24 27 27 27 24 24 21 26 25 26 27 25 25 26 24 23 22 19 18 21 23 26 22 22 22 20 20 20 21 24 24 21 24 20 20 21 24 24 26 22 27 29 31 32 30 32 32 36 38 37 35 35 35 35 35 36 35 34 36 37 40 39 40 39 37
-999 -999 -999 -999 -999 -999 -999 -999 -999 -999 -999 -999 -999 -999 -999 -999 -999 -999 -999 -999 -999 -999 -999 -999 -999 -999 -999 25 29 29 28 26 23 25 27 23 23 21 24 25 25 23 24 26 25 24 23 23 23 20 20 19 23 21 19 22 19 19 20 22 25 25 23 19 19 21 20 25 21 26 24 26 28 30 32 33 35 37 36 35 33 32 33 34 34 34 34 33 35 36 39 41 41 38 39 34
-999 -999 -999 -999 -999 -999 -999 -999 -999 -999 -999 -999 -999 -999 -999 -999 -999 -999 -999 -999 -999 -999 -999 -999 -999 -999 -999 -999 -999 28 27 27 26 22 24 22 21 -999 20 19 24 20 24 23 24 24 24 24 23 19 18 19 20 21 18 19 18 18 21 22 27 23 22 22 19 22 20 21 21 28 26 28 29 31 34 34 35 35 33 33 33 31 31 34 34 33 33 34 36 38 40 40 39 38 35 35
-999 -999 -999 -999 -999 -999 -999 -999 -999 -999 -999 -999 -999 -999 -999 -999 -999 -999 -999 -999 -999 -999 -999 -999 -999 -999 -999 -999 -999 -999 -999 27 24 23 21 -999 -999 -999 -999 20 19 19 24 25 24 23 24 24 25 24 19 20 18 17 17 18 18 18 18 23 26 24 24 22 19 24 24 22 23 23 27 28 23 31 34 33 32 32 33 32 31 31 32 33 33 33 33 35 37 40 39 37 37 35 34 34
-999 -999 -999 -999 -999 -999 -999 -999 -999 -999 -999 -999 -999 -999 -999 -999 -999 -999 -999 -999 -999 -999 -999 -999 -999 -999 -999 -999 -999 -999 -999 -999 -999 22 -999 -999 -999 -999 -999 -999 19 19 23 24 24 22 23 22 21 21 19 20 19 16 17 17 17 21 18 18 19 22 23 23 19 24 27 27 25 29 29 31 30 27 30 32 30 32 31 32 31 32 32 31 31 33 35 37 41 40 37 37 34 35 34 34
