processed/ole/sunshine_jan_2015.asc
NCOLS 654
NROWS 866
XLLCORNER 3280414.711633467
YLLCORNER 5237500.62890625
CELLSIZE 1000
NODATA_VALUE -999
[rows 318 to 370 of 866, columns 288 to 383 of 654]
31 31 32 32 32 32 32 32 33 33 33 33 33 33 33 34 34 34 35 35 34 34 36 36 35 35 36 36 35 36 36 36 36 36 35 35 36 36 36 36 35 35 35 35 35 36 36 37 37 38 41 42 42 42 42 41 40 39 38 38 38 38 38 39 39 40 40 40 41 40 41 42 42 43 45 45 45 46 45 45 45 46 44 44 44 43 43 43 45 45 44 44 44 44 45 44
31 31 31 32 32 32 32 32 32 32 33 33 33 34 33 34 35 35 34 35 35 35 36 36 36 36 36 36 36 36 36 36 36 36 35 35 35 36 37 36 36 36 35 35 35 36 36 36 36 37 39 39 41 41 41 41 40 39 39 40 39 39 38 39 39 39 40 41 41 41 41 42 42 42 44 45 46 46 45 46 45 46 45 44 44 44 44 45 45 45 45 44 44 44 45 45
31 31 31 32 32 32 32 32 32 32 33 34 34 34 35 35 34 34 35 35 35 34 36 36 36 36 36 36 36 36 36 36 36 36 36 35 35 36 36 36 36 36 35 35 35 35 35 35 36 36 37 38 38 39 39 39 39 40 40 41 40 40 39 40 39 38 40 41 41 40 40 42 41 43 44 45 46 46 46 46 45 45 45 45 45 44 44 44 45 45 44 44 44 44 45 46
31 31 31 32 32 32 32 32 32 32 32 33 34 34 35 34 34 34 35 35 35 35 36 36 36 36 36 36 36 36 36 36 36 36 35 35 35 36 36 36 36 36 36 35 35 35 35 35 36 36 38 37 37 38 38 38 38 39 41 41 42 41 42 41 39 39 39 41 41 41 41 42 41 42 44 44 45 45 45 46 46 45 44 44 45 45 44 44 45 45 44 44 44 44 45 46
30 31 31 31 31 32 32 32 32 32 33 34 34 34 34 34 34 35 35 35 34 36 36 36 36 37 37 36 37 37 37 36 36 36 36 36 35 36 36 36 35 36 36 35 35 35 35 35 35 35 36 36 36 37 38 37 39 39 40 42 42 43 43 42 40 39 39 39 41 41 42 42 41 42 43 43 44 44 45 45 45 44 44 45 45 45 45 44 45 44 44 44 44 45 45 45
30 30 31 31 31 32 33 33 33 33 34 35 34 34 34 34 35 35 35 36 36 36 36 37 37 37 37 37 37 37 37 37 37 37 37 37 36 35 36 35 36 36 37 38 37 35 35 35 35 35 36 36 36 37 37 38 38 39 39 40 42 42 43 43 41 39 40 40 41 40 40 41 41 42 43 43 44 45 45 45 45 44 44 43 43 43 45 45 45 44 44 44 44 44 45 46
32 31 32 32 32 32 34 34 33 33 34 36 35 34 35 35 35 35 35 36 36 36 36 37 37 37 37 37 37 37 37 37 38 38 37 37 36 35 35 36 36 36 35 37 37 39 36 35 35 35 35 36 36 36 37 38 38 38 38 39 40 41 41 42 41 40 40 40 40 40 40 41 41 41 42 43 44 44 46 46 46 45 44 43 43 43 45 45 44 44 44 44 44 44 45 46
32 34 33 33 33 33 33 34 34 34 34 34 34 34 34 34 35 35 37 37 37 37 37 37 37 37 37 37 37 37 37 37 38 38 39 38 36 36 35 36 37 36 35 36 37 38 37 36 37 36 37 36 36 36 36 37 38 38 38 39 39 39 39 40 40 39 39 40 40 40 40 41 41 42 43 43 43 43 44 46 46 46 44 44 43 43 43 45 45 45 44 44 44 43 45 46
31 32 33 33 33 34 34 33 34 34 36 34 33 33 34 34 35 37 37 40 39 38 38 38 37 38 38 38 38 38 38 38 38 38 39 37 37 36 35 36 35 35 35 36 36 37 37 37 38 37 37 37 37 36 36 36 37 37 37 37 38 38 38 39 39 39 39 39 40 40 40 40 41 41 42 42 42 43 44 44 44 44 45 44 44 44 44 44 44 45 44 44 44 44 44 46
30 31 32 32 32 32 31 33 33 33 34 33 34 34 37 37 36 38 37 38 39 39 40 39 38 38 38 38 38 38 38 38 38 38 40 39 37 36 35 34 35 35 35 36 36 36 36 37 37 36 38 37 36 36 36 36 37 37 37 37 37 38 38 39 38 38 39 40 40 40 40 41 41 40 42 42 42 42 43 43 44 44 45 45 45 44 45 44 43 43 44 44 44 44 44 45
30 30 30 31 32 31 31 32 32 32 33 33 33 33 34 35 35 36 38 38 37 38 40 39 39 39 38 38 38 38 38 38 38 39 39 39 38 36 36 34 35 35 35 35 35 36 36 36 36 36 36 36 37 36 36 36 37 37 36 36 36 36 37 38 38 38 39 41 41 41 41 41 41 40 41 42 41 41 43 43 44 44 45 45 45 45 45 44 44 43 44 44 43 43 45 47
30 30 30 31 31 31 31 32 32 32 33 34 34 33 33 35 36 36 36 37 37 38 40 41 41 39 38 38 38 38 38 38 38 39 39 39 37 36 34 34 35 35 35 36 36 36 36 35 35 36 37 37 37 36 36 36 37 37 37 37 36 37 37 38 38 38 39 40 40 40 40 40 40 40 40 41 41 41 41 43 44 44 44 44 45 45 45 44 43 43 42 44 44 44 44 46
30 32 30 31 33 33 34 34 34 35 33 34 34 35 34 35 34 35 36 36 37 38 39 41 42 41 40 39 38 39 38 38 38 38 39 39 38 36 34 35 35 36 35 35 35 35 35 35 36 35 36 36 37 36 36 36 36 36 38 38 38 37 37 38 38 39 39 39 40 40 40 40 40 40 40 41 41 41 42 42 43 43 43 44 45 44 45 44 44 43 43 43 43 44 46 46
30 31 30 31 35 35 33 33 33 33 33 34 34 35 36 36 35 36 36 37 38 38 39 40 42 40 40 39 39 39 38 38 39 39 38 38 38 37 35 35 35 35 35 36 36 36 35 36 36 35 36 36 36 37 36 36 36 36 36 38 38 37 37 38 38 38 39 40 40 40 40 40 40 40 40 41 41 41 42 42 41 41 42 43 43 44 44 44 43 43 43 43 43 44 44 45
31 30 31 31 31 34 33 34 35 32 34 34 34 34 36 36 35 34 36 38 39 39 39 41 43 40 40 39 39 38 38 39 39 39 38 38 38 36 35 35 35 35 35 35 36 35 35 35 36 36 35 36 36 37 37 36 36 36 36 37 37 37 37 38 38 38 39 40 40 40 39 40 40 40 40 41 41 41 41 41 41 41 42 43 43 43 43 43 42 42 43 43 43 43 44 46
29 31 35 34 33 32 33 36 33 32 34 34 34 35 37 37 36 36 37 37 39 39 40 40 40 40 40 40 38 39 39 39 39 39 38 37 36 36 35 35 35 35 36 36 35 35 35 35 35 35 36 36 36 36 36 36 36 36 36 37 37 37 38 38 38 38 39 39 39 39 39 39 39 40 39 41 41 41 40 40 41 41 43 42 42 42 42 42 42 42 43 43 43 44 44 45
29 32 32 32 33 32 34 33 32 33 34 36 35 35 36 38 37 36 37 37 38 38 40 40 41 40 40 41 39 39 39 39 39 38 37 37 36 36 35 35 35 35 35 35 35 35 35 35 35 35 36 36 36 36 36 36 36 36 36 37 37 37 38 38 38 38 39 39 39 39 39 39 39 39 39 40 40 40 40 40 40 40 42 42 42 42 42 42 42 43 43 43 43 44 44 45
29 30 31 32 35 33 33 32 31 33 33 35 35 35 37 39 38 37 37 38 38 38 39 40 41 41 42 42 41 40 39 40 38 38 37 37 36 36 36 35 35 35 35 34 34 34 35 37 37 37 38 37 36 36 37 36 36 36 36 37 37 37 39 38 39 38 39 39 39 39 39 40 39 39 40 41 40 40 40 40 40 40 41 41 41 41 41 42 43 43 42 43 43 43 44 45
30 31 32 31 32 31 32 31 31 31 33 35 35 35 37 40 39 38 37 38 38 38 39 40 41 43 43 45 43 41 40 39 38 39 38 37 36 36 35 35 36 35 34 34 34 35 36 39 40 39 39 38 37 36 36 36 36 36 37 37 37 37 39 39 39 39 40 40 40 39 40 40 40 40 40 41 41 41 41 40 40 40 41 41 41 41 41 42 42 43 42 43 43 43 44 44
30 31 31 32 32 31 32 32 31 32 33 33 35 36 37 38 40 38 38 37 38 38 39 40 40 42 43 47 43 41 40 40 39 39 39 37 36 36 35 35 36 36 35 36 34 35 38 38 39 40 41 39 38 37 36 36 36 37 37 38 38 39 39 39 39 39 40 40 39 39 40 40 40 40 40 41 41 41 41 41 40 40 41 41 41 41 41 42 42 42 42 42 42 42 43 43
31 32 31 32 32 32 32 32 31 32 32 33 35 35 37 37 39 38 38 38 38 40 40 40 40 41 42 42 42 43 41 39 39 38 38 37 36 35 35 35 36 35 34 35 35 34 37 37 38 40 41 40 38 38 37 38 38 38 39 39 39 39 39 39 40 40 40 40 39 40 41 40 40 40 41 41 41 41 41 41 40 40 41 41 41 41 41 41 41 42 42 42 42 42 43 43
30 32 32 32 32 32 33 32 31 32 33 33 34 35 35 36 38 37 36 39 40 42 42 41 40 41 41 42 42 43 41 40 38 39 37 37 35 36 35 34 34 35 35 34 34 35 36 37 38 39 41 42 40 38 37 38 39 41 41 41 41 40 41 40 40 40 40 40 40 40 40 40 41 40 40 41 42 42 41 41 41 40 41 41 41 41 41 41 41 41 43 43 43 42 43 43
31 31 32 35 34 34 33 33 32 32 32 33 34 34 35 36 37 36 37 39 39 41 41 41 40 40 41 41 42 43 41 39 39 39 37 36 36 36 35 35 35 35 34 34 34 34 36 36 37 38 39 40 39 38 37 39 40 41 42 43 41 41 41 40 40 40 40 41 41 41 40 42 42 42 42 43 42 42 41 41 41 41 42 42 41 41 42 42 42 42 43 43 43 43 43 43
33 31 31 34 35 35 33 33 32 32 32 33 34 36 36 36 36 36 37 38 39 40 40 39 41 40 40 40 42 43 42 40 39 37 37 37 37 36 35 35 34 33 34 34 34 34 35 35 36 37 39 39 39 38 39 39 39 40 41 43 42 41 41 41 41 40 41 41 41 41 42 43 43 43 42 43 42 42 41 41 41 41 42 42 42 42 42 42 42 42 42 43 43 43 43 43
33 31 31 31 32 35 35 33 32 32 32 33 34 36 36 36 35 36 37 38 38 40 39 39 40 39 39 39 40 40 42 42 40 38 38 37 39 36 36 35 34 34 34 34 34 36 35 36 37 37 38 39 38 39 40 40 40 40 41 42 44 43 42 41 43 44 44 44 43 44 44 43 43 43 42 41 41 41 41 41 41 41 42 42 42 42 42 42 42 42 42 43 43 43 44 43
32 31 32 32 33 33 33 33 32 32 33 34 34 34 35 38 35 36 36 38 39 39 40 39 38 39 39 39 39 40 41 41 41 39 37 37 36 37 36 35 33 33 33 34 34 35 36 37 37 38 38 38 39 39 39 39 39 40 40 42 44 44 44 44 43 44 45 44 44 45 44 43 43 43 42 42 42 41 41 41 41 41 42 42 42 42 42 42 42 42 42 43 43 43 44 43
30 31 31 35 32 34 33 33 33 32 33 34 36 36 38 36 36 36 37 38 37 39 39 39 38 39 38 38 39 39 39 39 39 38 36 36 36 34 33 33 33 34 33 33 34 34 37 37 38 37 37 38 39 39 39 40 39 39 40 42 43 43 45 44 46 44 44 45 47 44 44 42 42 42 42 42 41 40 41 41 41 41 42 42 42 42 42 42 42 42 43 43 43 43 43 44
30 32 32 32 33 32 32 32 32 32 34 34 35 35 36 35 36 36 37 38 39 39 39 38 38 38 38 38 38 38 38 38 38 37 36 35 35 34 33 33 34 33 33 33 34 34 36 37 37 38 38 38 39 40 40 40 39 39 40 41 42 42 43 43 44 44 44 43 43 42 42 41 41 41 41 41 40 41 41 41 41 42 42 42 42 42 43 43 43 43 44 43 43 43 43 44
30 30 33 33 34 33 32 32 31 32 33 35 36 37 37 36 37 38 41 42 41 39 38 38 39 39 38 39 38 38 38 37 37 35 35 33 33 32 33 33 33 32 33 33 33 35 35 36 37 37 38 38 39 39 40 40 40 40 39 41 42 43 43 42 42 42 44 43 42 41 41 41 41 40 41 41 41 41 42 42 42 42 42 42 42 42 43 43 43 43 45 44 43 43 43 43
29 30 31 33 32 32 32 32 31 31 33 34 36 35 34 36 38 41 40 46 43 41 38 37 37 37 37 38 37 37 38 36 35 35 33 31 31 32 32 32 32 32 32 32 33 34 35 36 36 35 37 38 38 39 39 40 40 40 41 41 42 43 43 43 43 43 43 43 42 42 42 42 42 42 41 41 42 42 42 42 43 43 43 43 44 44 44 44 45 45 44 44 44 43 43 43
29 29 30 32 33 32 31 32 31 31 32 33 33 34 35 37 41 39 43 41 38 36 39 38 38 38 37 37 37 38 37 35 35 35 32 31 30 30 31 32 31 31 31 33 33 33 34 36 36 36 37 38 38 39 40 40 41 40 42 42 42 42 43 43 43 43 43 43 43 42 42 42 42 41 42 42 42 42 43 43 43 43 43 43 44 45 44 44 46 46 45 44 44 44 43 43
29 29 30 31 31 33 34 32 32 32 32 32 33 34 35 37 43 44 38 36 37 38 37 39 41 40 39 42 39 36 35 35 33 31 30 29 29 29 29 30 31 31 31 32 32 33 34 35 37 36 37 38 38 40 41 41 41 42 42 43 42 43 43 43 43 42 43 42 42 42 43 42 42 43 43 43 42 43 43 43 43 44 44 43 44 44 45 45 45 46 46 46 45 45 44 44
29 28 30 30 31 32 35 35 32 31 32 34 34 33 35 37 41 43 40 36 39 36 37 39 39 39 37 41 37 35 34 34 32 30 29 31 30 27 29 28 29 30 31 31 31 32 34 36 35 37 39 40 41 42 42 42 43 43 43 44 44 43 45 44 44 44 44 43 43 43 43 43 44 44 44 43 43 44 44 44 44 44 44 44 45 45 46 46 46 47 47 46 46 45 44 44
29 29 29 29 30 30 32 33 32 31 32 32 33 35 36 40 41 41 37 36 38 38 39 39 38 39 36 38 34 36 40 37 36 29 35 29 27 27 27 28 26 29 31 32 30 30 33 35 35 37 40 43 44 44 44 44 44 44 44 44 45 45 45 44 45 45 44 44 44 44 44 44 45 45 45 44 45 45 45 45 45 45 45 45 45 45 46 47 46 47 47 47 48 47 45 44
30 29 29 30 30 30 32 33 31 30 32 32 33 33 34 37 41 44 41 37 37 40 43 41 41 41 40 38 41 35 38 36 33 30 35 33 29 27 26 27 27 29 36 36 29 30 33 34 36 38 40 44 46 45 46 44 44 44 44 45 45 44 44 45 45 45 44 45 44 44 44 45 46 45 44 45 45 45 45 46 46 46 45 45 45 45 45 46 47 46 47 47 47 47 46 45
30 30 29 32 31 31 32 33 33 30 30 31 33 34 37 37 38 39 41 36 39 41 41 44 42 40 38 36 39 35 38 38 34 33 36 34 32 29 27 29 28 33 30 28 31 32 31 34 36 40 42 45 46 48 48 46 45 45 45 45 44 44 44 45 45 45 45 45 45 46 45 45 45 47 47 46 46 47 46 47 47 46 47 46 45 45 45 45 46 46 46 46 46 46 46 46
28 28 28 28 29 32 31 32 33 30 31 31 31 33 35 39 41 42 43 39 36 41 43 43 40 43 42 39 39 37 38 39 34 32 34 33 30 31 26 26 27 30 25 29 34 34 30 32 36 40 44 47 49 52 51 48 46 45 45 45 45 44 45 45 46 46 46 46 46 46 46 47 47 46 47 47 47 49 48 48 48 48 47 47 47 45 45 45 46 46 46 46 46 46 47 45
27 28 29 29 28 28 29 30 31 29 31 30 30 31 33 37 37 41 41 35 41 39 40 40 41 43 37 42 38 35 36 33 28 33 32 31 28 27 23 27 25 24 24 29 28 29 30 37 37 40 45 49 52 53 51 48 47 45 45 45 45 45 44 45 46 46 47 46 47 47 46 48 48 48 47 48 48 49 50 50 49 48 48 47 47 46 45 45 46 46 45 45 45 45 44 45
28 28 31 30 29 29 29 30 30 30 31 30 30 31 33 35 40 42 37 36 40 39 38 38 40 42 44 39 37 38 33 32 32 33 33 30 28 25 23 25 24 24 24 25 27 26 26 40 37 37 43 50 52 51 49 47 46 47 45 46 45 45 45 45 46 46 47 47 47 48 47 48 48 47 48 49 49 49 50 50 50 49 48 47 46 46 45 45 45 45 45 45 44 44 44 44
29 28 31 32 32 30 30 29 29 31 31 32 30 31 32 35 35 40 36 41 37 39 40 40 39 41 40 36 34 34 32 30 30 30 29 30 27 27 23 25 23 24 24 23 22 21 30 34 40 42 48 50 51 51 47 46 47 48 46 46 46 46 45 44 46 45 46 47 48 48 49 50 48 49 50 50 49 50 50 50 49 49 49 46 46 45 46 45 45 45 44 44 44 44 43 43
26 28 31 32 31 32 31 30 31 30 32 30 32 31 32 33 37 37 40 36 35 37 37 39 37 38 37 34 34 34 31 31 28 27 27 31 28 26 23 24 22 22 22 22 22 25 28 33 37 40 42 45 44 48 48 48 44 51 45 47 45 47 48 47 46 46 47 47 47 47 49 48 48 48 49 50 50 51 51 51 49 49 48 47 47 46 46 46 44 44 44 44 45 44 44 43
27 27 29 31 31 30 30 31 30 31 33 32 34 30 31 33 34 39 36 35 39 39 39 39 39 39 36 36 35 34 33 29 28 30 29 27 28 26 23 23 23 22 24 22 20 24 29 32 35 33 38 39 40 45 49 50 47 48 49 47 47 48 46 47 46 46 47 46 47 48 49 48 48 49 49 50 51 52 52 52 51 51 48 47 46 46 45 45 45 45 44 45 45 45 44 43
27 26 27 28 31 33 31 29 29 31 32 33 30 30 31 33 36 33 40 36 39 39 37 37 38 38 36 36 36 35 32 33 32 31 28 26 29 30 25 25 22 25 29 24 23 24 29 31 32 34 38 43 45 45 47 47 48 47 49 50 49 48 49 47 46 46 46 48 48 47 47 48 47 48 50 51 51 52 54 53 52 50 49 47 46 46 45 45 45 45 44 45 45 45 44 43
30 28 27 29 31 31 30 29 29 29 32 34 30 30 33 33 32 33 34 38 37 37 38 38 38 37 38 37 35 34 32 30 31 31 30 29 27 31 29 26 26 28 33 31 26 28 27 31 34 35 38 39 44 45 46 48 48 50 50 49 50 49 46 48 48 46 46 47 47 47 47 48 48 49 51 52 52 52 52 52 51 50 49 47 46 45 45 45 45 45 45 45 45 45 44 44
30 29 30 27 27 28 29 28 28 28 29 30 31 28 30 30 32 32 36 36 37 36 39 39 37 38 37 37 35 34 32 31 31 30 33 35 31 30 29 28 29 29 31 33 28 30 26 36 38 36 38 38 41 43 46 47 49 49 49 50 49 49 50 48 50 48 47 46 46 46 47 47 48 48 49 50 51 53 51 51 50 49 48 47 46 45 45 45 45 45 45 45 44 44 44 44
30 29 29 27 27 27 27 28 28 28 30 30 30 28 28 30 30 33 37 38 37 38 38 37 37 37 37 37 35 32 32 33 30 34 36 35 31 29 29 29 31 31 31 30 33 31 33 33 39 36 36 36 38 42 44 45 46 47 49 50 51 50 51 50 50 49 48 48 47 46 46 48 47 48 49 49 49 49 50 49 48 48 50 48 46 45 45 44 45 45 44 44 44 44 44 43
28 28 27 27 28 28 29 29 28 28 29 29 30 27 28 28 29 31 34 38 38 37 37 36 37 37 34 35 30 32 33 32 35 37 36 33 30 28 29 29 29 29 26 30 26 27 32 33 32 34 33 37 38 40 42 43 44 45 48 50 51 51 51 51 48 48 47 48 47 46 47 47 47 47 48 48 48 48 48 48 49 48 47 45 46 46 45 45 45 45 45 45 44 44 43 43
28 28 28 28 28 30 31 31 29 28 29 30 27 27 27 28 30 33 34 36 35 37 37 37 38 36 33 31 31 30 30 36 37 34 32 32 30 28 29 31 28 28 26 25 25 25 28 28 30 31 31 34 36 38 39 42 44 44 46 48 48 51 51 51 50 48 46 47 47 46 46 46 46 46 46 47 47 48 47 48 48 47 46 46 46 45 45 45 45 45 44 45 45 44 43 44
27 27 28 28 28 31 32 30 27 28 29 31 27 26 30 27 29 30 32 32 32 34 34 34 35 32 31 28 29 32 35 35 37 30 32 31 31 28 27 31 31 29 32 34 29 28 27 27 28 29 31 33 34 36 38 41 42 43 44 46 47 47 48 49 49 49 47 48 47 47 46 44 46 45 46 46 46 46 47 46 46 46 46 45 45 44 44 44 44 44 44 44 44 44 43 43
29 28 28 28 28 30 29 28 28 28 31 30 26 26 28 27 28 29 30 31 31 35 35 32 32 30 28 29 32 31 36 39 34 31 30 32 32 30 26 29 30 28 26 29 30 29 28 27 27 28 30 32 32 34 36 38 37 40 43 46 46 46 44 48 47 48 50 48 47 51 48 48 50 47 46 46 47 46 46 46 46 45 45 44 45 45 45 44 43 43 44 43 43 43 43 43
29 28 27 27 27 27 29 28 29 30 30 28 26 26 28 27 27 28 28 30 31 31 29 30 30 29 29 29 35 37 38 34 29 29 27 29 30 34 28 30 29 28 26 26 27 26 26 26 27 28 30 32 32 33 35 36 36 40 42 45 45 44 48 48 44 47 49 50 50 47 44 51 50 49 46 47 47 46 45 46 46 46 46 45 45 45 44 44 44 44 44 43 43 43 43 43
27 27 26 29 28 30 31 30 29 30 29 28 26 27 28 29 29 28 28 29 28 28 31 30 34 32 33 36 36 38 33 30 29 26 27 27 29 28 30 24 27 27 25 25 25 25 25 28 29 29 31 31 32 32 35 37 37 37 40 43 43 45 47 47 46 44 46 45 44 49 50 50 51 50 50 50 48 48 46 47 46 47 46 46 46 44 43 43 44 42 42 43 43 43 44 44
28 27 26 27 28 28 30 28 28 28 27 26 26 27 28 29 28 28 27 28 29 29 33 34 35 35 36 38 38 31 32 27 30 29 25 30 29 29 25 24 26 25 23 23 23 25 26 26 27 28 29 31 31 34 35 35 37 38 40 43 43 45 46 45 46 48 44 45 46 49 50 50 50 49 49 48 48 49 48 46 47 47 47 46 45 45 44 44 43 43 43 44 44 43 44 44
