processed/ole/sunshine_jan_2015.asc
NCOLS 654
NROWS 866
XLLCORNER 3280414.711633467
YLLCORNER 5237500.62890625
CELLSIZE 1000
NODATA_VALUE -999
[rows 795 to 847 of 866, columns 96 to 191 of 654]
-999 -999 -999 -999 -999 -999 -999 -999 -999 -999 -999 -999 -999 -999 -999 -999 -999 -999 33 33 33 33 33 34 34 34 34 35 35 35 36 35 35 38 43 39 41 43 49 55 54 52 47 42 46 52 49 46 42 34 47 52 47 49 45 46 43 44 45 45 45 44 49 48 47 45 47 50 47 48 47 47 46 46 47 47 46 46 45 47 48 47 47 46 45 45 45 45 45 45 46 45 45 46 46 47
-999 -999 -999 -999 -999 -999 -999 -999 -999 -999 -999 -999 -999 -999 -999 -999 -999 -999 33 33 33 33 33 34 34 34 35 35 35 36 36 36 37 38 38 43 43 49 51 53 57 54 49 47 40 45 46 49 44 39 48 52 51 48 53 49 44 46 47 45 45 49 54 55 50 47 47 50 49 47 46 46 46 45 46 46 47 47 47 46 47 47 47 47 45 45 45 46 45 45 47 47 46 52 49 53
-999 -999 -999 -999 -999 -999 -999 -999 -999 -999 -999 -999 -999 -999 -999 -999 -999 33 33 33 33 33 34 34 34 35 35 35 35 36 37 38 41 42 42 45 45 41 47 52 56 54 49 50 50 43 37 44 49 43 48 48 47 47 49 47 46 44 44 45 51 48 49 51 54 53 49 47 49 47 46 47 46 46 47 46 46 45 45 44 44 46 46 47 47 46 47 47 46 47 50 50 52 52 51 50
-999 -999 -999 -999 -999 -999 -999 -999 -999 -999 -999 -999 -999 -999 -999 -999 -999 33 33 32 33 33 34 35 35 34 34 34 35 38 44 46 46 44 43 37 38 43 46 54 58 54 54 53 53 52 44 39 50 48 51 47 46 45 48 46 45 42 47 47 45 47 45 47 49 50 50 44 49 47 46 46 47 47 46 47 47 46 46 45 44 44 46 46 46 48 46 48 48 51 48 49 53 52 52 51
-999 -999 -999 -999 -999 -999 -999 -999 -999 -999 -999 -999 -999 -999 -999 -999 -999 32 32 33 33 33 33 34 34 35 35 36 34 34 40 38 38 41 36 41 48 43 48 55 57 54 50 52 50 52 53 49 52 54 53 47 45 44 43 47 46 48 46 49 49 48 49 47 48 47 47 47 47 48 47 47 47 47 47 47 46 46 45 46 45 43 47 46 46 47 44 48 48 48 48 52 51 51 50 50
-999 -999 -999 -999 -999 -999 -999 -999 -999 -999 -999 -999 -999 -999 -999 -999 -999 33 33 33 33 33 34 34 35 35 36 37 40 40 38 34 37 35 39 44 53 45 52 54 52 54 48 48 50 49 52 51 44 43 54 52 49 48 50 51 46 46 49 50 49 46 46 48 47 45 44 44 45 44 47 49 49 48 48 46 46 45 45 45 45 43 46 46 46 46 45 49 48 48 49 47 50 48 49 49
-999 -999 -999 -999 -999 -999 -999 -999 -999 -999 -999 -999 -999 -999 -999 -999 -999 33 33 33 33 33 34 34 35 36 36 41 43 39 40 39 37 39 46 44 49 47 48 52 50 49 47 50 45 49 42 47 39 47 51 49 46 49 53 53 48 49 48 50 49 49 52 52 47 48 47 47 45 44 43 47 46 46 46 45 44 44 45 44 43 41 46 45 47 47 43 48 49 49 50 46 49 46 46 49
-999 -999 -999 -999 -999 -999 -999 -999 -999 -999 -999 -999 -999 -999 -999 -999 -999 33 33 33 33 33 33 33 33 35 36 38 41 46 41 40 43 36 39 43 50 54 54 45 44 51 46 39 45 46 41 40 47 52 52 47 49 45 52 51 49 49 47 53 51 53 52 53 53 50 49 47 47 45 45 45 44 42 46 44 44 44 41 45 45 42 43 42 45 44 43 50 48 47 47 46 46 48 48 50
-999 -999 -999 -999 -999 -999 -999 -999 -999 -999 -999 -999 -999 -999 -999 -999 32 33 33 32 32 33 33 33 34 36 41 38 36 43 48 43 40 36 48 43 48 56 55 51 44 42 51 42 39 36 37 44 53 55 53 51 48 42 49 53 48 46 46 51 53 49 50 54 53 53 51 48 48 47 47 47 46 48 46 45 43 44 42 46 45 45 45 42 42 41 42 45 46 46 46 48 49 49 47 50
-999 -999 -999 -999 -999 -999 -999 -999 -999 -999 -999 -999 -999 -999 -999 -999 33 33 32 32 33 34 33 35 38 41 43 38 43 43 39 44 46 42 47 57 60 54 51 40 44 47 49 41 37 46 45 48 48 45 45 56 49 47 49 54 53 49 46 47 51 48 50 51 53 53 52 51 51 49 49 47 47 48 48 48 47 47 48 46 47 47 47 47 46 45 41 47 49 46 48 49 48 50 48 50
-999 -999 -999 -999 -999 -999 -999 -999 -999 -999 -999 -999 -999 -999 -999 -999 33 33 32 32 33 34 36 39 37 41 41 46 44 42 46 45 42 46 50 53 54 51 51 46 44 38 43 40 38 46 46 52 44 49 44 49 51 44 47 55 52 53 50 47 47 47 48 52 53 53 50 47 50 49 49 49 48 48 47 48 48 47 48 48 47 46 47 46 46 46 42 45 44 43 46 49 49 49 49 49
-999 -999 -999 -999 -999 -999 -999 -999 -999 -999 -999 -999 -999 -999 -999 32 32 32 32 35 33 34 35 35 36 39 38 43 46 50 51 52 50 48 48 47 39 48 47 45 39 39 42 37 41 37 47 47 48 45 44 46 50 50 44 53 55 54 54 52 49 49 49 51 51 52 52 51 51 50 46 46 45 47 45 46 47 48 47 47 46 46 44 42 42 44 44 43 43 44 46 50 50 49 49 46
-999 -999 -999 -999 -999 -999 -999 -999 -999 -999 -999 -999 -999 -999 31 32 32 32 32 35 33 35 35 37 43 43 43 48 50 53 50 53 55 49 45 42 45 44 43 41 42 36 39 44 43 39 50 41 53 49 48 45 46 46 45 54 50 54 54 54 54 49 48 49 50 51 51 52 51 50 50 49 46 46 45 47 45 47 46 46 46 46 46 45 42 42 43 42 42 44 49 48 49 49 49 48
-999 -999 -999 -999 -999 -999 -999 -999 -999 -999 -999 -999 -999 -999 32 32 32 32 33 35 34 37 37 37 44 54 55 51 54 54 52 53 54 52 44 40 49 42 42 40 37 38 43 43 45 42 41 49 51 49 47 48 46 45 44 45 48 48 53 51 50 48 48 53 53 50 49 51 50 49 47 48 45 46 45 46 45 44 42 46 45 41 43 44 44 39 42 41 44 44 51 51 -999 -999 -999 47
-999 -999 -999 -999 -999 -999 -999 -999 -999 -999 -999 -999 -999 -999 32 32 32 32 35 38 36 37 39 40 43 49 55 47 48 50 50 48 50 50 43 40 48 46 40 41 37 41 39 46 52 46 39 43 48 49 51 49 49 49 45 43 44 50 54 51 52 50 46 52 53 49 50 50 49 48 46 47 45 46 46 48 47 46 40 41 41 42 44 41 43 41 42 44 42 45 51 52 -999 -999 -999 47
-999 -999 -999 -999 -999 -999 -999 -999 -999 -999 -999 -999 -999 -999 32 32 32 35 35 35 34 37 36 39 43 50 52 46 47 49 50 43 48 49 47 39 43 49 43 37 39 47 49 50 52 47 46 49 51 50 51 53 49 48 46 46 47 44 51 49 53 52 45 52 50 49 51 50 48 48 47 47 45 42 45 48 47 44 45 44 43 42 42 41 41 40 43 42 -999 -999 -999 -999 -999 -999 -999 47
-999 -999 -999 -999 -999 -999 -999 -999 -999 -999 -999 -999 -999 -999 32 32 32 33 35 35 36 34 35 40 46 43 48 43 50 46 46 42 47 46 45 39 45 48 43 39 38 41 39 42 49 51 52 51 49 48 55 51 49 48 47 50 49 46 45 47 51 51 47 50 51 50 51 51 49 47 47 47 46 44 42 45 46 46 45 45 44 44 42 41 40 -999 -999 -999 -999 -999 -999 -999 -999 -999 -999 47
-999 -999 -999 -999 -999 -999 -999 -999 -999 -999 -999 -999 -999 -999 32 32 35 33 34 32 34 36 36 37 43 43 47 44 49 50 45 41 47 43 43 37 46 49 45 38 40 45 44 49 49 49 52 49 46 46 54 54 50 50 49 46 46 46 48 45 46 47 44 50 50 48 51 50 49 48 47 46 46 44 43 44 46 45 47 45 44 42 42 38 -999 -999 -999 -999 -999 -999 -999 -999 -999 -999 -999 -999
-999 -999 -999 -999 -999 -999 -999 -999 -999 -999 -999 -999 -999 -999 -999 33 36 36 33 33 37 38 38 38 38 43 43 41 52 46 43 40 43 40 37 40 44 48 42 36 45 46 48 48 43 46 52 47 48 46 51 51 50 49 50 48 48 50 48 42 47 48 45 44 49 49 49 49 48 48 47 45 45 44 42 44 46 43 45 44 43 40 38 40 -999 -999 -999 -999 -999 -999 -999 -999 -999 -999 -999 -999
-999 -999 -999 -999 -999 -999 -999 -999 -999 -999 -999 -999 -999 -999 -999 33 36 36 35 34 36 36 39 36 39 38 38 45 49 48 44 39 40 39 39 45 47 53 42 35 43 43 42 42 49 49 53 48 46 49 50 51 50 48 52 51 49 50 48 43 51 50 48 46 47 48 45 49 47 47 46 45 45 46 43 46 44 44 45 42 43 38 41 -999 -999 -999 -999 -999 -999 -999 -999 -999 -999 -999 -999 -999
-999 -999 -999 -999 -999 -999 -999 -999 -999 -999 -999 -999 -999 -999 32 35 35 35 38 38 34 36 36 37 37 39 40 47 47 49 43 40 40 37 46 48 46 44 42 38 37 44 45 49 52 51 49 50 44 49 49 50 49 48 50 48 47 45 47 45 51 50 49 47 40 49 47 47 45 45 45 45 44 45 42 45 45 41 44 43 42 39 39 -999 -999 -999 -999 -999 -999 -999 -999 -999 -999 -999 -999 -999
-999 -999 -999 -999 -999 -999 -999 -999 -999 -999 -999 -999 -999 32 34 35 35 35 35 35 33 35 35 35 38 42 45 49 42 45 45 42 40 39 47 44 40 40 36 35 42 47 50 53 50 47 50 48 47 52 50 47 50 48 50 51 47 45 44 50 48 49 49 48 44 47 47 43 45 44 44 43 42 44 40 43 43 42 43 42 37 38 -999 -999 -999 -999 -999 -999 -999 -999 -999 -999 -999 -999 -999 -999
-999 -999 -999 -999 -999 -999 -999 -999 -999 -999 -999 -999 32 35 35 34 35 35 35 34 34 36 34 39 39 39 40 44 41 42 41 40 42 35 42 44 37 36 38 37 45 49 51 51 50 49 44 46 48 52 50 48 49 50 50 49 48 42 45 48 48 46 47 46 45 44 45 44 41 42 43 42 42 43 40 43 42 41 42 38 39 -999 -999 -999 -999 -999 -999 -999 -999 -999 -999 -999 -999 -999 -999 -999
-999 -999 -999 -999 -999 -999 -999 -999 -999 -999 -999 -999 32 36 36 34 35 36 34 33 33 36 35 40 36 41 42 37 36 40 38 41 40 37 41 42 35 37 46 45 46 47 49 47 48 47 45 44 48 51 51 50 48 50 48 48 47 42 48 47 45 46 46 43 42 39 43 43 43 43 41 42 42 41 39 43 42 38 38 37 -999 -999 -999 -999 -999 -999 -999 -999 -999 -999 -999 -999 -999 -999 -999 -999
-999 -999 -999 -999 -999 -999 -999 -999 -999 -999 -999 -999 32 36 35 34 36 35 34 33 34 33 36 38 40 43 40 42 36 36 36 36 36 35 36 42 39 42 46 47 44 42 51 48 46 46 48 48 51 51 51 49 47 49 46 48 48 41 46 47 47 45 45 43 44 42 39 42 42 40 43 43 40 39 41 42 41 40 36 40 -999 -999 -999 -999 -999 -999 -999 -999 -999 -999 -999 -999 -999 -999 -999 -999
-999 -999 -999 -999 -999 -999 -999 -999 -999 -999 -999 -999 32 35 36 34 36 36 33 32 34 33 35 35 39 41 40 40 36 36 35 35 37 34 35 38 35 37 39 42 43 47 47 46 44 47 49 51 50 48 49 50 48 46 47 44 46 41 44 45 45 45 45 46 45 44 42 38 40 42 43 40 37 41 42 40 40 36 39 41 -999 -999 -999 -999 -999 -999 -999 -999 -999 -999 -999 -999 -999 -999 -999 -999
-999 -999 -999 -999 -999 -999 -999 -999 -999 -999 -999 -999 32 36 36 34 34 34 33 33 33 33 33 35 38 39 38 37 37 37 34 40 40 34 40 37 35 38 37 38 40 44 45 40 45 50 51 49 50 48 49 50 48 48 46 44 45 44 44 44 44 42 42 44 41 44 42 37 40 43 44 42 37 41 40 40 36 37 40 40 -999 -999 -999 -999 -999 -999 -999 -999 -999 -999 -999 -999 -999 -999 -999 -999
-999 -999 -999 -999 -999 -999 -999 -999 -999 -999 -999 -999 -999 32 35 33 33 33 35 35 33 33 35 36 38 36 37 38 37 34 37 36 38 34 39 37 35 36 38 37 37 42 39 45 51 52 52 48 47 48 49 48 47 48 46 42 42 45 43 43 45 46 45 43 40 42 40 37 41 42 41 38 36 39 39 39 35 38 40 40 -999 -999 -999 -999 -999 -999 -999 -999 -999 43 43 -999 -999 39 -999 -999
-999 -999 -999 -999 -999 -999 -999 -999 -999 -999 -999 -999 -999 -999 32 32 33 33 33 35 33 33 34 37 37 35 34 36 35 37 35 35 36 34 35 34 36 38 37 36 36 38 39 41 50 51 50 50 49 48 48 48 46 45 45 41 44 43 43 42 44 45 40 43 43 39 37 37 40 40 40 39 35 38 38 37 38 41 40 39 37 -999 -999 -999 -999 -999 -999 -999 -999 42 41 40 39 38 39 -999
-999 -999 -999 -999 -999 -999 -999 -999 -999 -999 -999 -999 -999 -999 -999 32 33 33 32 35 33 33 35 35 34 33 34 34 34 34 34 33 34 34 34 35 37 37 37 37 34 35 38 47 44 50 51 49 47 46 48 46 45 44 43 40 42 42 41 43 43 40 43 40 41 40 38 38 40 36 38 37 36 37 35 37 36 36 38 37 37 37 38 41 45 -999 -999 -999 40 41 39 39 39 38 38 39
-999 -999 -999 -999 -999 -999 -999 -999 -999 -999 -999 -999 -999 -999 -999 -999 33 33 33 32 32 34 35 33 33 33 36 35 36 37 38 36 37 37 37 38 37 36 37 36 34 34 38 49 48 48 47 47 47 48 48 46 44 40 43 38 40 41 43 42 41 39 42 40 40 39 37 35 36 36 35 35 35 36 36 39 39 39 37 37 37 38 44 41 43 43 43 42 40 40 41 39 39 38 39 -999
-999 -999 -999 -999 -999 -999 -999 -999 -999 -999 -999 -999 -999 -999 -999 -999 32 33 33 33 35 36 33 33 35 34 36 36 37 37 37 37 37 37 39 38 37 36 36 37 36 34 37 48 49 47 46 45 44 46 47 46 43 41 40 39 39 42 39 39 37 40 40 39 35 38 37 35 35 36 35 35 35 35 37 37 39 37 37 37 38 38 44 44 43 41 42 -999 -999 42 41 40 39 39 -999 -999
-999 -999 -999 -999 -999 -999 -999 -999 -999 -999 -999 -999 -999 -999 -999 -999 -999 33 33 32 35 36 32 33 36 35 36 36 36 36 37 37 36 37 37 37 36 35 36 37 36 33 36 44 49 47 44 45 44 44 43 44 44 43 41 40 39 37 37 38 35 38 34 34 34 37 35 34 34 34 35 37 35 35 36 37 37 37 37 38 37 40 39 41 41 41 41 -999 -999 -999 40 40 39 38 -999 -999
-999 -999 -999 -999 -999 -999 -999 -999 -999 -999 -999 -999 -999 -999 -999 -999 -999 -999 32 32 34 37 32 34 35 37 38 37 36 36 38 37 36 37 36 35 37 36 33 35 37 33 34 40 47 46 45 45 44 43 43 41 41 40 40 39 38 36 35 36 35 33 33 -999 34 34 34 35 34 34 34 37 39 36 36 36 37 37 38 41 42 45 41 41 41 41 -999 -999 -999 -999 -999 41 38 38 -999 -999
-999 -999 -999 -999 -999 -999 -999 -999 -999 -999 -999 -999 -999 -999 -999 -999 -999 -999 32 32 32 35 32 34 35 38 36 36 35 36 36 37 33 34 35 34 34 34 33 34 37 34 35 41 46 45 45 44 43 43 42 40 40 40 36 37 37 35 35 34 33 33 34 -999 -999 34 -999 -999 -999 -999 34 34 39 37 39 41 42 45 45 44 44 44 44 43 -999 -999 -999 -999 -999 -999 -999 -999 39 -999 -999 -999
-999 -999 -999 -999 -999 -999 -999 -999 -999 -999 -999 -999 -999 -999 -999 -999 -999 -999 33 32 32 -999 -999 -999 35 36 38 35 35 35 36 36 34 35 34 33 32 32 32 32 33 32 34 40 45 45 44 42 38 41 40 40 38 37 37 34 35 34 33 -999 -999 -999 -999 -999 -999 -999 -999 -999 -999 -999 34 -999 -999 39 39 38 40 44 41 41 43 40 40 -999 -999 -999 -999 -999 -999 -999 -999 -999 -999 -999 -999 -999
-999 -999 -999 -999 -999 -999 -999 -999 -999 -999 -999 -999 -999 -999 -999 -999 -999 -999 -999 32 -999 -999 -999 -999 37 39 39 35 37 35 35 35 35 34 -999 -999 -999 -999 -999 -999 -999 32 33 39 42 44 43 41 36 39 38 37 36 36 35 35 34 -999 -999 -999 -999 -999 -999 -999 -999 -999 -999 -999 -999 -999 -999 -999 -999 37 42 42 41 39 38 42 40 38 38 -999 -999 -999 -999 -999 -999 -999 -999 -999 -999 -999 -999 -999
-999 -999 -999 -999 -999 -999 -999 -999 -999 -999 -999 -999 -999 -999 -999 -999 -999 -999 -999 -999 -999 -999 -999 -999 38 39 39 39 35 33 33 33 33 33 -999 -999 -999 -999 -999 -999 -999 32 32 35 37 39 37 39 37 37 36 35 35 34 34 34 -999 -999 -999 -999 -999 -999 -999 -999 -999 -999 -999 -999 -999 -999 -999 -999 36 35 39 39 38 36 37 38 40 37 37 37 -999 -999 -999 -999 -999 -999 -999 -999 -999 -999 -999 -999
-999 -999 -999 -999 -999 -999 -999 -999 -999 -999 -999 -999 -999 -999 -999 -999 -999 -999 -999 -999 -999 32 37 37 35 36 38 38 33 32 32 32 32 -999 -999 -999 -999 -999 -999 -999 -999 31 32 34 34 33 33 34 36 34 34 33 34 32 33 33 -999 -999 -999 -999 -999 -999 -999 -999 -999 -999 -999 -999 -999 -999 -999 -999 -999 -999 -999 -999 -999 -999 -999 -999 -999 -999 -999 -999 -999 -999 -999 -999 -999 -999 -999 -999 -999 -999 -999 -999
-999 -999 -999 -999 -999 -999 -999 -999 -999 -999 -999 -999 -999 -999 -999 -999 -999 -999 -999 -999 -999 -999 32 32 32 35 34 33 32 32 32 32 -999 -999 -999 -999 -999 -999 -999 -999 -999 31 33 32 33 -999 -999 -999 -999 32 33 32 -999 -999 -999 -999 -999 -999 -999 -999 -999 -999 -999 -999 -999 -999 -999 -999 -999 -999 -999 -999 -999 -999 -999 -999 -999 -999 -999 -999 -999 -999 -999 -999 -999 -999 -999 -999 -999 -999 -999 -999 -999 -999 -999 -999
-999 -999 -999 -999 -999 -999 -999 -999 -999 -999 -999 -999 -999 -999 -999 -999 -999 -999 -999 -999 -999 -999 -999 32 32 32 32 32 32 -999 -999 -999 -999 -999 -999 -999 -999 -999 -999 -999 -999 -999 -999 -999 -999 -999 -999 -999 -999 -999 -999 -999 -999 -999 -999 -999 -999 -999 -999 -999 -999 -999 -999 -999 -999 -999 -999 -999 -999 -999 -999 -999 -999 -999 -999 -999 -999 -999 -999 -999 -999 -999 -999 -999 -999 -999 -999 -999 -999 -999 -999 -999 -999 -999 -999 -999
-999 -999 -999 -999 -999 -999 -999 -999 -999 -999 -999 -999 -999 -999 -999 -999 -999 -999 -999 -999 -999 -999 -999 -999 32 32 -999 -999 -999 -999 -999 -999 -999 -999 -999 -999 -999 -999 -999 -999 -999 -999 -999 -999 -999 -999 -999 -999 -999 -999 -999 -999 -999 -999 -999 -999 -999 -999 -999 -999 -999 -999 -999 -999 -999 -999 -999 -999 -999 -999 -999 -999 -999 -999 -999 -999 -999 -999 -999 -999 -999 -999 -999 -999 -999 -999 -999 -999 -999 -999 -999 -999 -999 -999 -999 -999
-999 -999 -999 -999 -999 -999 -999 -999 -999 -999 -999 -999 -999 -999 -999 -999 -999 -999 -999 -999 -999 -999 -999 -999 -999 -999 -999 -999 -999 -999 -999 -999 -999 -999 -999 -999 -999 -999 -999 -999 -999 -999 -999 -999 -999 -999 -999 -999 -999 -999 -999 -999 -999 -999 -999 -999 -999 -999 -999 -999 -999 -999 -999 -999 -999 -999 -999 -999 -999 -999 -999 -999 -999 -999 -999 -999 -999 -999 -999 -999 -999 -999 -999 -999 -999 -999 -999 -999 -999 -999 -999 -999 -999 -999 -999 -999
-999 -999 -999 -999 -999 -999 -999 -999 -999 -999 -999 -999 -999 -999 -999 -999 -999 -999 -999 -999 -999 -999 -999 -999 -999 -999 -999 -999 -999 -999 -999 -999 -999 -999 -999 -999 -999 -999 -999 -999 -999 -999 -999 -999 -999 -999 -999 -999 -999 -999 -999 -999 -999 -999 -999 -999 -999 -999 -999 -999 -999 -999 -999 -999 -999 -999 -999 -999 -999 -999 -999 -999 -999 -999 -999 -999 -999 -999 -999 -999 -999 -999 -999 -999 -999 -999 -999 -999 -999 -999 -999 -999 -999 -999 -999 -999
-999 -999 -999 -999 -999 -999 -999 -999 -999 -999 -999 -999 -999 -999 -999 -999 -999 -999 -999 -999 -999 -999 -999 -999 -999 -999 -999 -999 -999 -999 -999 -999 -999 -999 -999 -999 -999 -999 -999 -999 -999 -999 -999 -999 -999 -999 -999 -999 -999 -999 -999 -999 -999 -999 -999 -999 -999 -999 -999 -999 -999 -999 -999 -999 -999 -999 -999 -999 -999 -999 -999 -999 -999 -999 -999 -999 -999 -999 -999 -999 -999 -999 -999 -999 -999 -999 -999 -999 -999 -999 -999 -999 -999 -999 -999 -999
-999 -999 -999 -999 -999 -999 -999 -999 -999 -999 -999 -999 -999 -999 -999 -999 -999 -999 -999 -999 -999 -999 -999 -999 -999 -999 -999 -999 -999 -999 -999 -999 -999 -999 -999 -999 -999 -999 -999 -999 -999 -999 -999 -999 -999 -999 -999 -999 -999 -999 -999 -999 -999 -999 -999 -999 -999 -999 -999 -999 -999 -999 -999 -999 -999 -999 -999 -999 -999 -999 -999 -999 -999 -999 -999 -999 -999 -999 -999 -999 -999 -999 -999 -999 -999 -999 -999 -999 -999 -999 -999 -999 -999 -999 -999 -999
-999 -999 -999 -999 -999 -999 -999 -999 -999 -999 -999 -999 -999 -999 -999 -999 -999 -999 -999 -999 -999 -999 -999 -999 -999 -999 -999 -999 -999 -999 -999 -999 -999 -999 -999 -999 -999 -999 -999 -999 -999 -999 -999 -999 -999 -999 -999 -999 -999 -999 -999 -999 -999 -999 -999 -999 -999 -999 -999 -999 -999 -999 -999 -999 -999 -999 -999 -999 -999 -999 -999 -999 -999 -999 -999 -999 -999 -999 -999 -999 -999 -999 -999 -999 -999 -999 -999 -999 -999 -999 -999 -999 -999 -999 -999 -999
-999 -999 -999 -999 -999 -999 -999 -999 -999 -999 -999 -999 -999 -999 -999 -999 -999 -999 -999 -999 -999 -999 -999 -999 -999 -999 -999 -999 -999 -999 -999 -999 -999 -999 -999 -999 -999 -999 -999 -999 -999 -999 -999 -999 -999 -999 -999 -999 -999 -999 -999 -999 -999 -999 -999 -999 -999 -999 -999 -999 -999 -999 -999 -999 -999 -999 -999 -999 -999 -999 -999 -999 -999 -999 -999 -999 -999 -999 -999 -999 -999 -999 -999 -999 -999 -999 -999 -999 -999 -999 -999 -999 -999 -999 -999 -999
-999 -999 -999 -999 -999 -999 -999 -999 -999 -999 -999 -999 -999 -999 -999 -999 -999 -999 -999 -999 -999 -999 -999 -999 -999 -999 -999 -999 -999 -999 -999 -999 -999 -999 -999 -999 -999 -999 -999 -999 -999 -999 -999 -999 -999 -999 -999 -999 -999 -999 -999 -999 -999 -999 -999 -999 -999 -999 -999 -999 -999 -999 -999 -999 -999 -999 -999 -999 -999 -999 -999 -999 -999 -999 -999 -999 -999 -999 -999 -999 -999 -999 -999 -999 -999 -999 -999 -999 -999 -999 -999 -999 -999 -999 -999 -999
-999 -999 -999 -999 -999 -999 -999 -999 -999 -999 -999 -999 -999 -999 -999 -999 -999 -999 -999 -999 -999 -999 -999 -999 -999 -999 -999 -999 -999 -999 -999 -999 -999 -999 -999 -999 -999 -999 -999 -999 -999 -999 -999 -999 -999 -999 -999 -999 -999 -999 -999 -999 -999 -999 -999 -999 -999 -999 -999 -999 -999 -999 -999 -999 -999 -999 -999 -999 -999 -999 -999 -999 -999 -999 -999 -999 -999 -999 -999 -999 -999 -999 -999 -999 -999 -999 -999 -999 -999 -999 -999 -999 -999 -999 -999 -999
-999 -999 -999 -999 -999 -999 -999 -999 -999 -999 -999 -999 -999 -999 -999 -999 -999 -999 -999 -999 -999 -999 -999 -999 -999 -999 -999 -999 -999 -999 -999 -999 -999 -999 -999 -999 -999 -999 -999 -999 -999 -999 -999 -999 -999 -999 -999 -999 -999 -999 -999 -999 -999 -999 -999 -999 -999 -999 -999 -999 -999 -999 -999 -999 -999 -999 -999 -999 -999 -999 -999 -999 -999 -999 -999 -999 -999 -999 -999 -999 -999 -999 -999 -999 -999 -999 -999 -999 -999 -999 -999 -999 -999 -999 -999 -999
-999 -999 -999 -999 -999 -999 -999 -999 -999 -999 -999 -999 -999 -999 -999 -999 -999 -999 -999 -999 -999 -999 -999 -999 -999 -999 -999 -999 -999 -999 -999 -999 -999 -999 -999 -999 -999 -999 -999 -999 -999 -999 -999 -999 -999 -999 -999 -999 -999 -999 -999 -999 -999 -999 -999 -999 -999 -999 -999 -999 -999 -999 -999 -999 -999 -999 -999 -999 -999 -999 -999 -999 -999 -999 -999 -999 -999 -999 -999 -999 -999 -999 -999 -999 -999 -999 -999 -999 -999 -999 -999 -999 -999 -999 -999 -999
-999 -999 -999 -999 -999 -999 -999 -999 -999 -999 -999 -999 -999 -999 -999 -999 -999 -999 -999 -999 -999 -999 -999 -999 -999 -999 -999 -999 -999 -999 -999 -999 -999 -999 -999 -999 -999 -999 -999 -999 -999 -999 -999 -999 -999 -999 -999 -999 -999 -999 -999 -999 -999 -999 -999 -999 -999 -999 -999 -999 -999 -999 -999 -999 -999 -999 -999 -999 -999 -999 -999 -999 -999 -999 -999 -999 -999 -999 -999 -999 -999 -999 -999 -999 -999 -999 -999 -999 -999 -999 -999 -999 -999 -999 -999 -999
